hairpin_fe,hairpin_len,mature5p_len,mature3p_len,interarm_len,n_short_loop,n_long_loop,overhang_len,terminal_len,mature5p_A,mature3p_A,hairpin_A,interarm_A,mature5p_U,mature3p_U,hairpin_U,interarm_U,mature5p_G,mature3p_G,hairpin_G,interarm_G,mature5p_C,mature3p_C,hairpin_C,interarm_C,class
-34.2,80,22,21,37,1,3,1,0,5,5,21,11,9,9,25,7,8,1,19,10,0,6,15,9,False
-25.2,72,22,22,28,3,2,0,0,5,3,20,12,9,7,23,7,8,3,18,7,0,9,11,2,False
-34.1,74,22,21,31,2,1,1,0,5,5,14,4,9,9,26,8,8,1,21,12,0,6,13,7,False
-46.7,83,22,22,39,1,3,0,0,3,5,16,8,9,6,23,8,10,1,26,15,0,10,18,8,False
-31.6,84,22,22,40,6,2,0,0,4,4,17,9,9,8,27,10,9,2,24,13,0,8,16,8,False
-42.7,87,22,22,43,2,2,0,0,6,3,21,12,7,8,24,9,8,3,26,15,1,8,16,7,False
-36.7,79,22,22,35,4,3,0,0,5,3,18,10,8,7,16,1,9,3,25,13,0,9,20,11,False
-42.3,87,22,22,43,2,2,0,0,6,5,22,11,9,8,30,13,7,1,22,14,0,8,13,5,False
-39.0,83,22,22,39,1,2,0,0,6,4,20,10,9,9,28,10,7,2,20,11,0,7,15,8,False
-30.5,83,22,22,39,0,4,0,0,6,4,26,16,7,6,22,9,6,5,22,11,3,7,13,3,False
-37.0,89,22,22,45,5,2,0,0,7,5,26,14,5,7,27,15,6,5,20,9,4,5,16,7,False
-33.8,84,23,22,39,4,3,1,0,7,6,24,11,5,5,24,14,7,7,23,9,4,4,13,5,False
-21.1,71,23,23,25,5,3,0,0,7,3,17,7,6,7,22,9,7,5,17,5,3,8,15,4,False
-38.7,82,22,23,37,4,1,-1,0,6,9,22,7,8,6,25,11,4,4,20,12,4,4,15,7,False
-38.5,87,23,23,41,4,1,0,0,4,9,18,5,8,5,31,18,6,4,22,12,5,5,16,6,False
-39.9,96,22,23,51,2,3,-1,0,4,9,27,14,10,5,36,21,5,4,19,10,3,5,14,6,False
-31.0,71,23,22,26,3,1,1,0,7,8,20,5,7,6,24,11,7,4,16,5,2,4,11,5,False
-34.6,72,22,21,29,5,0,1,0,6,5,16,5,8,4,21,9,5,6,20,9,3,6,15,6,False
-39.8,85,22,22,41,5,1,0,0,5,7,17,5,8,5,22,9,5,6,22,11,4,4,24,16,False
-33.3,73,22,21,30,5,1,1,0,2,5,13,6,7,6,18,5,11,4,22,7,2,6,20,12,False
-26.3,68,22,22,24,4,1,0,0,5,6,16,5,7,4,18,7,5,7,16,4,5,5,18,8,False
-26.0,73,22,22,29,2,3,0,0,7,6,15,2,4,4,18,10,5,7,20,8,6,5,20,9,False
-35.9,84,21,22,41,3,4,-1,0,5,3,12,4,4,8,19,7,9,5,31,17,3,6,22,13,False
-37.3,77,22,22,33,3,1,0,0,7,3,14,4,6,9,20,5,5,4,24,15,4,6,19,9,False
-40.2,77,21,22,34,3,3,-1,0,7,2,13,4,7,9,21,5,5,3,23,15,2,8,20,10,False
-37.8,78,22,21,35,6,1,1,0,4,4,15,7,6,6,16,4,8,5,24,11,4,6,23,13,False
-50.2,86,22,22,42,3,2,0,0,7,5,16,4,5,6,25,14,6,6,21,9,4,5,24,15,False
-24.6,64,22,22,20,1,2,0,0,3,7,17,7,11,6,26,9,5,4,11,2,3,5,10,2,False
-37.2,71,22,22,27,2,2,0,0,7,3,16,6,5,8,17,4,5,6,21,10,5,5,17,7,False
-36.8,71,21,22,28,4,1,-1,0,6,6,18,6,4,7,17,6,7,3,20,10,4,6,16,6,False
-30.0,70,22,22,26,2,2,0,0,7,5,17,5,8,11,26,7,3,5,16,8,4,1,11,6,False
-36.4,69,21,22,26,2,2,-1,0,4,6,13,3,8,6,23,9,6,3,18,9,3,7,15,5,False
-35.5,78,23,22,33,2,2,1,0,4,2,10,4,7,8,30,15,9,5,23,9,3,7,15,5,False
-29.8,75,22,22,31,7,1,0,0,3,2,14,9,8,8,27,11,9,5,20,6,2,7,14,5,False
-43.8,80,23,22,35,4,2,1,0,5,4,14,5,6,5,18,7,8,5,23,10,4,8,25,13,False
-36.4,81,21,22,38,2,2,-1,0,7,6,24,11,9,8,24,7,3,5,17,9,2,3,16,11,False
-34.8,78,23,22,33,4,2,1,0,4,7,16,5,10,6,25,9,4,5,19,10,5,4,18,9,False
-56.7,119,22,22,75,4,2,0,0,5,6,30,19,10,8,38,20,7,0,32,25,0,8,19,11,False
-39.5,81,22,22,37,3,2,0,0,5,3,16,8,6,7,22,9,5,6,23,12,6,6,20,8,False
-25.7,80,22,22,36,4,2,0,0,6,6,18,6,5,8,25,12,5,5,19,9,6,3,18,9,False
-36.2,75,22,21,32,1,2,1,0,5,8,19,6,7,6,22,9,5,4,19,10,5,3,15,7,False
-34.1,81,24,23,34,3,1,1,0,4,7,19,8,10,8,30,12,8,4,22,10,2,4,10,4,False
-31.1,81,22,23,36,4,1,-1,0,3,7,17,7,8,8,32,16,7,4,18,7,4,4,14,6,False
-28.1,78,23,23,32,7,1,0,0,3,7,19,9,9,5,24,10,5,7,18,6,6,4,17,7,False
-43.1,81,23,22,36,2,2,1,0,5,5,14,4,7,7,24,10,5,7,24,12,6,3,19,10,False
-41.3,81,23,22,36,2,2,1,0,5,5,14,4,7,7,26,12,5,7,24,12,6,3,17,8,False
-34.4,81,23,22,36,6,1,1,0,8,6,21,7,5,7,26,14,7,3,17,7,3,6,17,8,False
-29.5,81,22,22,37,2,3,0,0,7,5,25,13,5,9,26,12,6,3,15,6,4,5,15,6,False
-39.0,110,21,22,67,7,1,-1,0,6,6,22,10,5,5,25,15,4,4,27,19,6,7,36,23,False
-41.4,75,23,22,30,4,2,1,0,5,4,14,5,2,5,14,7,14,1,23,8,2,12,24,10,False
-28.5,71,23,22,26,4,2,1,0,4,6,16,6,7,7,19,5,4,5,18,9,8,4,18,6,False
-32.4,71,22,22,27,5,1,0,0,3,10,17,4,7,4,18,7,7,5,21,9,5,3,15,7,False
-29.5,72,21,22,29,4,3,-1,0,0,9,15,6,9,4,22,9,7,2,16,7,5,7,19,7,False
-27.9,68,22,22,24,4,1,0,0,7,6,20,7,5,7,17,5,4,4,16,8,6,5,15,4,False
-25.4,72,23,22,27,1,3,1,0,7,4,22,11,6,7,20,7,2,7,16,7,8,4,14,2,False
-28.1,70,22,22,26,1,2,0,0,7,3,18,8,4,9,20,7,5,5,16,6,6,5,16,5,False
-35.6,68,23,23,22,4,1,0,0,4,3,11,4,7,5,17,5,5,10,24,9,7,5,16,4,False
-47.7,110,23,22,65,8,1,1,0,5,9,29,15,10,4,35,21,7,2,25,16,1,7,21,13,False
-47.0,110,23,22,65,5,4,1,0,5,9,26,12,10,4,28,14,7,1,26,18,1,8,30,21,False
-34.0,110,23,22,65,3,3,1,0,5,8,28,15,8,6,39,25,5,5,23,13,5,3,20,12,False
-42.9,110,23,22,65,6,2,1,0,6,7,32,19,7,6,34,21,5,6,25,14,5,3,19,11,False
-47.2,110,22,22,66,5,3,0,0,2,7,23,14,9,5,31,17,8,3,35,24,3,7,21,11,False
-53.7,110,23,22,65,5,2,1,0,6,5,29,18,6,5,26,15,6,4,30,20,5,8,25,12,False
-33.2,110,23,21,66,0,4,2,0,4,9,29,16,8,4,32,20,7,3,26,16,4,5,23,14,False
-45.2,110,22,22,66,4,3,0,0,6,6,25,13,6,4,25,15,5,6,34,23,5,6,26,15,False
-47.6,110,24,21,65,5,3,3,0,7,5,22,10,7,7,25,11,5,4,33,24,5,5,30,20,False
-41.2,110,22,22,66,9,2,0,0,6,8,32,18,7,4,24,13,5,6,29,18,4,4,25,17,False
-47.3,109,22,22,65,7,3,0,0,6,1,19,12,1,8,19,10,7,8,36,21,8,5,35,22,False
-50.8,110,22,22,66,3,3,0,0,3,8,21,10,10,2,36,24,8,6,32,18,1,6,21,14,False
-42.3,110,23,22,65,7,3,1,0,4,6,25,15,7,7,26,12,4,5,32,23,8,4,27,15,False
-42.1,110,23,22,65,7,2,1,0,4,6,23,13,9,7,29,13,4,5,27,18,6,4,31,21,False
-56.4,110,25,22,63,8,2,3,0,7,7,22,8,9,6,25,10,5,6,37,26,4,3,26,19,False
-42.0,110,22,21,67,3,3,1,0,2,6,25,17,10,2,32,20,2,10,29,17,8,3,24,13,False
-46.2,110,22,21,67,3,3,1,0,3,5,28,20,7,7,29,15,4,7,24,13,8,2,29,19,False
-59.5,110,22,22,66,8,2,0,0,4,3,16,9,2,5,14,7,4,9,34,21,12,5,46,29,False
-45.5,110,22,21,67,3,4,1,0,1,6,19,12,10,1,26,15,2,10,33,21,9,4,32,19,False
-49.9,110,23,21,66,5,5,2,0,4,5,15,6,8,4,14,2,4,4,31,23,7,8,50,35,False
-35.9,110,23,22,65,8,3,1,0,6,5,30,19,6,6,34,22,6,4,22,12,5,7,24,12,False
-67.5,110,22,22,66,1,3,0,0,2,8,25,15,8,1,23,14,5,7,28,16,7,6,34,21,False
-33.0,110,21,23,66,4,2,-2,0,8,5,35,22,5,10,37,22,4,3,20,13,4,5,18,9,False
-40.3,110,22,22,66,5,3,0,0,6,4,27,17,6,8,31,17,5,6,26,15,5,4,26,17,False
-40.0,110,21,22,67,6,3,-1,0,4,5,28,19,9,5,33,19,4,6,28,18,4,6,21,11,False
-44.6,110,21,22,67,2,5,-1,0,4,4,23,15,9,5,26,12,4,6,32,22,4,7,29,18,False
-54.2,110,21,22,67,6,3,-1,0,6,4,17,7,7,5,18,6,3,8,33,22,5,5,42,32,False
-46.5,110,22,23,65,4,4,-1,0,7,3,25,15,7,9,33,17,4,6,28,18,4,5,24,15,False
-53.8,110,22,21,67,2,4,1,0,5,4,21,12,6,6,33,21,5,6,29,18,6,5,27,16,False
-47.4,110,22,22,66,3,4,0,0,5,6,23,12,8,7,28,13,6,3,28,19,3,6,31,22,False
-37.3,81,21,23,37,4,2,-2,0,4,8,19,7,7,5,26,14,5,5,20,10,5,5,16,6,False
-44.6,95,22,22,51,7,1,0,0,5,7,18,6,6,7,20,7,6,5,31,20,5,3,26,18,False
-39.3,84,22,21,41,4,2,1,0,5,3,21,13,9,5,21,7,7,5,24,12,1,8,18,9,False
-39.7,84,22,22,40,3,2,0,0,3,3,13,7,10,6,26,10,8,5,28,15,1,8,17,8,False
-29.3,98,22,22,54,5,3,0,0,7,5,31,19,6,9,31,16,4,3,19,12,5,5,17,7,False
-36.0,97,22,21,54,8,1,1,0,2,6,21,13,9,5,27,13,7,4,24,13,4,6,25,15,False
-49.4,97,22,21,54,4,2,1,0,6,4,23,13,6,7,28,15,7,5,27,15,3,5,19,11,False
-36.9,88,22,22,44,3,2,0,0,7,3,23,13,6,8,27,13,2,8,21,11,7,3,17,7,False
-45.7,85,22,22,41,2,2,0,0,4,10,24,10,8,5,24,11,9,1,19,9,1,6,18,11,False
-35.3,85,22,20,43,1,4,2,0,4,5,21,12,6,3,21,12,6,7,22,9,6,5,21,10,False
-50.8,109,22,20,67,1,5,2,0,4,5,29,20,6,3,26,17,6,7,28,15,6,5,26,15,False
-40.6,87,22,20,45,3,3,2,0,4,5,20,11,6,3,20,11,6,7,24,11,6,5,23,12,False
-41.1,88,22,22,44,4,2,0,0,5,3,14,6,6,6,27,15,4,9,23,10,7,4,24,13,False
-35.7,82,23,21,38,2,3,2,0,4,4,13,5,4,7,28,17,9,4,22,9,6,6,19,7,False
-42.2,89,22,22,45,4,2,0,0,3,8,17,6,9,5,27,13,4,6,24,14,6,3,21,12,False
-46.3,101,22,22,57,4,4,0,0,3,6,17,8,9,5,18,4,5,5,29,19,5,6,37,26,False
-40.7,88,22,22,44,3,3,0,0,10,3,24,11,4,7,25,14,5,4,18,9,3,8,21,10,False
-47.8,102,22,22,58,6,3,0,0,10,3,25,12,4,7,25,14,5,4,28,19,3,8,24,13,False
-44.1,90,23,22,45,3,1,1,0,4,4,15,7,12,5,28,11,4,10,25,11,3,3,22,16,False
-34.4,84,23,22,39,4,3,1,0,4,5,16,7,6,6,20,8,9,5,23,9,4,6,25,15,False
-54.4,100,22,21,57,6,1,1,0,4,7,18,7,8,2,28,18,6,6,27,15,4,6,27,17,False
-49.0,95,22,22,51,6,2,0,0,5,7,16,4,7,6,26,13,5,6,29,18,5,3,24,16,False
-44.3,87,21,23,43,3,3,-2,0,10,4,25,11,4,11,23,8,3,5,23,15,4,3,16,9,False
-51.8,106,22,21,63,7,3,1,0,2,6,21,13,7,5,24,12,8,6,35,21,5,4,26,17,False
-45.0,86,22,20,44,5,1,2,0,8,7,21,6,7,7,22,8,4,4,23,15,3,2,20,15,False
-41.1,88,23,22,43,5,2,1,0,4,5,18,9,7,8,28,13,4,5,21,12,8,4,21,9,False
-47.2,87,23,21,43,5,2,2,0,5,6,16,5,7,5,16,4,5,6,26,15,6,4,29,19,False
-42.3,87,22,22,43,2,3,0,0,3,8,23,12,11,6,26,9,5,4,24,15,3,4,14,7,False
-46.8,92,23,22,47,3,4,1,0,9,1,16,6,2,7,21,12,5,6,24,13,7,8,31,16,False
-41.0,89,23,22,44,4,2,1,0,4,11,25,10,11,4,28,13,5,4,23,14,3,3,13,7,False
-39.0,87,23,22,42,5,1,1,0,4,11,26,11,11,4,29,14,5,4,19,10,3,3,13,7,False
-41.7,90,23,22,45,3,3,1,0,4,11,25,10,11,4,25,10,5,4,21,12,3,3,19,13,False
-46.2,86,24,22,40,5,2,2,0,5,4,14,5,7,5,21,9,4,9,27,14,8,4,24,12,False
-35.8,89,22,22,45,6,2,0,0,5,5,22,12,6,5,23,12,4,6,23,13,7,6,21,8,False
-40.1,85,21,22,42,1,4,-1,0,4,6,19,9,9,6,21,6,4,6,22,12,4,4,23,15,False
-40.7,97,22,22,53,7,2,0,0,5,2,20,13,5,7,26,14,7,7,26,12,5,6,25,14,False
-48.6,90,21,22,47,3,2,-1,0,0,9,19,10,9,3,23,11,7,2,23,14,5,8,25,12,False
-35.0,73,22,23,28,4,2,-1,0,4,5,13,4,5,4,16,7,10,5,22,7,3,9,22,10,False
-45.5,82,23,22,37,2,2,1,0,5,6,16,5,10,7,29,12,5,3,19,11,3,6,18,9,False
-58.9,99,23,22,54,3,3,1,0,4,6,23,13,6,3,18,9,9,4,30,17,4,9,28,15,False
-39.0,99,22,22,55,5,2,0,0,6,5,20,9,7,8,34,19,6,3,23,14,3,6,22,13,False
-56.0,89,23,21,45,9,1,2,0,1,3,9,5,8,2,16,6,4,13,39,22,10,3,25,12,False
-57.8,84,22,22,40,5,2,0,0,4,4,13,5,6,3,15,6,3,10,26,13,9,5,30,16,False
-37.5,84,22,22,40,4,2,0,0,2,7,19,10,9,7,31,15,6,3,18,9,5,5,16,6,False
-51.7,82,22,22,38,4,1,0,0,7,1,12,4,4,7,18,7,8,8,27,11,3,6,25,16,False
-41.1,86,22,22,42,3,1,0,0,5,5,18,8,8,7,37,22,4,7,18,7,5,3,13,5,False
-38.6,86,21,21,44,2,5,0,0,3,4,15,8,5,5,21,11,8,5,23,10,5,7,27,15,False
-31.6,85,22,21,42,4,1,1,0,6,8,22,8,11,8,34,15,5,0,14,9,0,5,15,10,False
-50.2,88,22,22,44,5,1,0,0,3,7,15,5,6,4,17,7,10,4,34,20,3,7,22,12,False
-46.3,87,21,22,44,4,2,-1,0,8,3,19,8,4,7,19,8,5,5,28,18,4,7,21,10,False
-30.8,68,22,23,23,5,1,-1,0,3,7,11,1,7,6,19,6,6,7,23,10,6,3,15,6,False
-29.1,71,22,22,27,3,1,0,0,6,9,23,8,9,7,22,6,1,6,14,7,6,0,12,6,False
-29.5,65,23,22,20,3,1,1,0,6,8,17,3,8,7,22,7,7,1,12,4,2,6,14,6,False
-34.7,89,23,20,46,3,2,3,0,4,7,25,14,8,5,23,10,7,3,20,10,4,5,21,12,False
-39.3,84,23,21,40,3,2,2,0,6,4,17,7,3,7,20,10,9,4,28,15,5,6,19,8,False
-49.6,85,22,22,41,4,2,0,0,7,2,13,4,5,7,19,7,5,8,28,15,5,5,25,15,False
-44.4,82,21,22,39,5,2,-1,0,7,2,13,4,5,6,19,8,6,7,26,13,3,7,24,14,False
-34.8,88,22,22,44,3,2,0,0,2,7,18,9,9,7,31,15,5,4,22,13,6,4,17,7,False
-34.3,89,23,22,44,4,3,1,0,7,3,18,8,6,7,26,13,2,8,25,15,8,4,20,8,False
-47.1,90,22,22,46,4,2,0,0,5,6,18,7,5,7,22,10,6,5,23,12,6,4,27,17,False
-33.5,69,23,23,23,3,1,0,0,6,4,19,9,8,10,22,4,5,6,16,5,4,3,12,5,False
-49.8,97,21,22,54,6,2,-1,0,6,5,19,8,7,7,23,9,3,7,29,19,5,3,26,18,False
-32.8,84,23,22,39,2,4,1,0,5,7,21,9,8,5,24,11,7,1,20,12,3,9,19,7,False
-28.0,77,23,22,32,5,2,1,0,5,8,26,13,7,2,20,11,8,4,16,4,3,8,15,4,False
-40.3,63,22,22,19,1,1,0,0,5,5,18,8,7,7,21,7,3,7,13,3,7,3,11,1,False
-30.2,86,22,23,41,4,3,-1,0,4,8,26,14,9,6,25,10,3,5,17,9,6,4,18,8,False
-29.4,70,22,22,26,2,4,0,0,5,2,10,3,3,6,13,4,5,8,21,8,9,6,26,11,False
-41.0,80,21,22,37,4,2,-1,0,3,2,13,8,4,5,19,10,4,11,24,9,10,4,24,10,False
-35.8,82,21,22,39,2,4,-1,0,3,8,17,6,8,4,18,6,2,7,24,15,8,3,23,12,False
-52.1,92,22,22,48,4,2,0,0,7,4,20,9,6,8,25,11,5,5,28,18,4,5,19,10,False
-41.3,84,22,22,40,1,3,0,0,7,3,15,5,6,12,29,11,5,2,24,17,4,5,16,7,False
-31.4,72,22,23,27,2,3,-1,0,6,3,18,9,6,9,24,9,5,5,15,5,5,6,15,4,False
-31.5,65,24,22,19,2,1,2,0,6,9,19,4,7,5,19,7,7,2,13,4,4,6,14,4,False
-26.2,75,22,22,31,1,3,0,0,5,6,22,11,6,7,22,9,7,4,19,8,4,5,12,3,False
-34.5,87,23,22,42,2,3,1,0,4,8,23,11,6,7,25,12,11,1,19,7,2,6,20,12,False
-39.3,111,22,22,67,6,2,0,0,4,8,30,18,5,7,31,19,9,1,29,19,4,6,21,11,False
-28.5,73,22,23,28,2,2,-1,0,6,5,18,7,8,10,27,9,4,5,15,6,4,3,13,6,False
-31.3,68,22,23,23,3,1,-1,0,4,4,16,8,7,9,21,5,7,6,19,6,4,4,12,4,False
-29.5,68,22,23,23,2,2,-1,0,6,4,18,8,6,10,21,5,5,6,16,5,5,3,13,5,False
-29.1,68,22,22,24,2,2,0,0,6,7,20,7,8,7,24,9,3,5,14,6,5,3,10,2,False
-24.9,66,21,21,24,2,2,0,0,3,9,20,8,10,4,27,13,5,4,12,3,3,4,7,0,False
-28.1,70,22,21,27,1,2,1,0,5,7,17,5,7,9,27,11,5,3,15,7,5,2,11,4,False
-31.6,75,22,22,31,1,4,0,0,4,2,16,10,6,5,16,5,5,10,23,8,7,5,20,8,False
-39.2,67,20,23,24,2,2,-3,0,5,4,11,2,4,8,21,9,6,6,19,7,5,5,16,6,False
-27.4,67,23,23,21,4,2,0,0,6,6,16,4,7,6,17,4,4,7,20,9,6,4,14,4,False
-36.4,69,22,23,24,2,1,-1,0,5,3,10,2,5,9,24,10,6,9,22,7,6,2,13,5,False
-34.5,72,22,22,28,3,1,0,0,9,6,22,7,7,11,27,9,3,3,12,6,3,2,11,6,False
-18.2,68,22,21,25,4,2,1,0,5,9,23,9,9,4,25,12,4,4,10,2,4,4,10,2,False
-27.7,69,22,22,25,4,1,0,0,4,8,16,4,7,6,26,13,7,3,16,6,4,5,11,2,False
-38.5,66,22,22,22,3,2,0,0,2,6,15,7,7,4,16,5,5,8,19,6,8,4,16,4,False
-26.3,67,21,22,24,3,2,-1,0,6,7,19,6,5,7,20,8,8,3,16,5,2,5,12,5,False
-24.5,61,22,22,17,1,3,0,0,6,6,16,4,5,9,20,6,6,3,13,4,5,4,12,3,False
-35.5,75,22,22,31,5,1,0,0,4,6,20,10,8,6,25,11,6,5,18,7,4,5,12,3,False
-29.1,76,22,21,33,3,2,1,0,3,8,20,9,8,5,27,14,9,2,16,5,2,6,13,5,False
-28.1,73,22,19,32,4,2,3,0,6,5,19,8,6,3,18,9,8,5,21,8,2,6,15,7,False
-35.8,95,22,22,51,4,2,0,0,9,4,22,9,7,9,36,20,4,3,21,14,2,6,16,8,False
-46.9,94,22,23,49,7,1,-1,0,1,8,18,9,8,1,19,10,7,7,26,12,6,7,31,18,False
-43.7,75,23,22,30,3,2,1,0,3,0,11,8,1,7,13,5,16,4,28,8,3,11,23,9,False
-47.7,99,21,23,55,4,3,-2,0,4,7,25,14,7,4,25,14,8,3,28,17,2,9,21,10,False
-40.4,93,21,22,50,5,1,-1,0,6,3,20,11,5,10,28,13,6,2,24,16,4,7,21,10,False
-38.5,86,22,21,43,6,2,1,0,1,5,15,9,5,5,28,18,10,3,24,11,6,8,19,5,False
-45.9,90,21,21,48,3,2,0,0,5,5,19,9,5,5,24,14,6,6,19,7,5,5,28,18,False
-46.7,97,23,22,52,2,2,1,0,4,7,19,8,11,4,27,12,4,8,26,14,4,3,25,18,False
-31.2,99,22,22,55,5,1,0,0,6,6,26,14,7,7,30,16,4,4,22,14,5,5,21,11,False
-43.4,94,22,21,51,3,2,1,0,4,4,19,11,5,4,27,18,7,5,24,12,6,8,24,10,False
-36.8,83,23,20,40,7,1,3,0,3,2,13,8,6,4,19,9,7,7,25,11,7,7,26,12,False
-26.9,67,22,22,23,4,1,0,0,6,4,17,7,6,9,19,4,6,5,16,5,4,4,15,7,False
-47.4,94,23,23,48,6,2,0,0,3,5,9,1,5,2,16,9,5,8,31,18,10,8,38,20,False
-40.2,94,23,22,49,4,1,1,0,12,3,24,9,4,11,34,19,4,2,17,11,3,6,19,10,False
-51.9,98,22,22,54,5,1,0,0,3,4,18,11,5,3,21,13,6,10,33,17,8,5,26,13,False
-34.0,84,22,22,40,3,2,0,0,2,5,14,7,10,4,30,16,8,4,19,7,2,9,21,10,False
-48.8,94,23,23,48,3,2,0,0,6,3,22,13,4,5,23,14,10,7,25,8,3,8,24,13,False
-41.8,98,22,21,55,4,1,1,0,7,6,25,12,7,4,23,12,4,6,33,23,4,5,17,8,False
-34.5,87,23,22,42,4,3,1,0,7,3,18,8,5,5,19,9,4,7,25,14,7,7,25,11,False
-18.9,71,23,22,26,4,2,1,0,6,3,17,8,7,6,21,8,7,4,17,6,3,9,16,4,False
-29.6,69,23,22,24,1,3,1,0,7,5,17,5,5,6,21,10,7,6,17,4,4,5,14,5,False
-34.7,91,22,22,47,2,2,0,0,4,6,30,20,11,9,36,16,4,5,14,5,3,2,11,6,False
-43.4,114,21,22,71,6,2,-1,0,3,2,21,16,6,7,26,13,6,7,31,18,6,6,36,24,False
-38.4,93,22,22,49,4,3,0,0,4,3,19,12,8,7,24,9,5,7,31,19,5,5,19,9,False
-32.6,80,23,22,35,1,4,1,0,1,6,18,11,12,7,28,9,7,2,18,9,3,7,16,6,False
-35.0,84,23,22,39,1,4,1,0,1,6,19,12,12,7,30,11,7,2,19,10,3,7,16,6,False
-41.3,85,22,22,41,4,2,0,0,8,8,25,9,5,5,25,15,6,5,18,7,3,4,17,10,False
-36.7,79,23,22,34,4,2,1,0,6,4,16,6,6,6,21,9,5,6,23,12,6,6,19,7,False
-34.3,91,23,23,45,6,1,0,0,7,4,18,7,6,6,25,13,7,4,27,16,3,9,21,9,False
-35.9,80,21,21,38,5,1,0,0,3,8,21,10,8,5,26,13,8,4,20,8,2,4,13,7,False
-33.6,100,22,22,56,3,3,0,0,3,9,26,14,11,6,39,22,4,4,18,10,4,3,17,10,False
-44.1,76,22,21,33,5,1,1,0,10,1,14,3,0,8,16,8,11,1,21,9,1,11,25,13,False
-33.6,73,22,22,29,3,2,0,0,5,3,17,9,5,7,21,9,8,3,18,7,4,9,17,4,False
-48.6,68,22,21,25,0,1,1,0,3,5,12,4,5,3,13,5,6,8,19,5,8,5,24,11,False
-30.2,80,22,22,36,5,2,0,0,1,8,19,10,9,5,28,14,7,4,18,7,5,5,15,5,False
-32.2,83,21,21,41,5,2,0,0,7,4,24,13,4,9,26,13,3,5,14,6,7,3,19,9,False
-38.2,84,22,22,40,5,1,0,0,3,7,20,10,8,4,24,12,7,5,22,10,4,6,18,8,False
-52.8,128,20,22,86,6,3,-2,0,3,5,29,21,5,4,33,24,7,6,36,23,5,7,30,18,False
-48.0,84,22,22,40,3,1,0,0,5,5,17,7,4,8,24,12,8,2,24,14,5,7,19,7,False
-33.0,87,21,20,46,4,3,1,0,2,10,24,12,9,3,29,17,5,5,19,9,5,2,15,8,False
-36.1,73,22,22,29,4,2,0,0,7,2,14,5,6,7,18,5,5,7,21,9,4,6,20,10,False
-58.3,110,22,20,68,5,2,2,0,4,7,20,9,11,3,26,12,2,9,32,21,5,1,32,26,False
-47.9,89,22,22,45,1,2,0,0,4,4,13,5,10,6,28,12,5,8,25,12,3,4,23,16,False
-42.6,94,23,21,50,9,1,2,0,3,2,15,10,8,7,30,15,10,5,26,11,2,7,23,14,False
-33.9,81,23,22,36,5,1,1,0,1,9,20,10,11,3,30,16,6,4,17,7,5,6,14,3,False
-36.0,82,22,22,38,4,2,0,0,4,8,22,10,9,6,29,14,5,3,16,8,4,5,15,6,False
-39.3,83,22,22,39,4,1,0,0,4,5,15,6,5,4,27,18,11,4,25,10,2,9,16,5,False
-55.1,112,21,22,69,7,3,-1,0,4,7,19,8,6,5,18,7,6,5,37,26,5,5,38,28,False
-68.1,137,23,21,93,5,4,2,0,4,5,29,20,9,3,26,14,7,7,46,32,3,6,36,27,False
-47.7,84,23,22,39,1,4,1,0,4,5,18,9,6,6,22,10,5,7,25,13,8,4,19,7,False
-50.6,98,23,22,53,3,4,1,0,4,5,21,12,6,6,24,12,5,7,29,17,8,4,24,12,False
-40.5,83,24,22,37,5,1,2,0,8,2,20,10,7,9,28,12,3,7,18,8,6,4,17,7,False
-35.4,84,22,22,40,6,1,0,0,6,4,24,14,6,9,27,12,4,5,17,8,6,4,16,6,False
-52.2,87,22,22,43,1,2,0,0,5,4,21,12,6,9,24,9,5,6,25,14,6,3,17,8,False
-40.5,83,24,22,37,5,1,2,0,8,2,20,10,7,9,28,12,3,7,18,8,6,4,17,7,False
-44.4,87,22,22,43,4,1,0,0,4,7,24,13,6,8,26,12,7,5,22,10,5,2,15,8,False
-49.2,85,21,22,42,4,1,-1,0,5,4,18,9,6,8,26,12,5,5,24,14,5,5,17,7,False
-46.6,83,23,22,38,5,1,1,0,4,5,19,10,8,7,26,11,6,6,22,10,5,4,16,7,False
-37.7,81,22,22,37,5,1,0,0,4,6,20,10,6,8,26,12,7,5,21,9,5,3,14,6,False
-40.6,85,21,22,42,4,1,-1,0,4,4,21,13,6,5,24,13,5,7,22,10,6,6,18,6,False
-48.7,87,22,23,42,3,2,-1,0,4,5,21,12,6,5,24,13,7,7,22,8,5,6,20,9,False
-42.1,87,22,21,44,3,2,1,0,5,5,24,14,6,6,27,15,5,6,18,7,6,4,18,8,False
-48.9,87,22,22,43,2,2,0,0,5,5,21,11,6,8,27,13,6,6,23,11,5,3,16,8,False
-45.9,101,23,23,55,6,0,0,0,4,5,28,19,7,8,28,13,7,5,27,15,5,5,18,8,False
-46.3,87,22,21,44,5,1,1,0,7,3,22,12,5,6,24,13,4,7,22,11,6,5,19,8,False
-42.5,87,22,22,43,4,1,0,0,5,4,24,15,6,8,26,12,5,5,21,11,6,5,16,5,False
-41.2,88,25,22,41,6,1,3,0,5,5,17,7,7,6,30,17,6,5,19,8,7,6,22,9,False
-44.2,87,20,22,45,3,2,-2,0,6,3,23,14,4,9,27,14,4,7,23,12,6,3,14,5,False
-26.3,67,22,22,23,4,1,0,0,5,4,17,8,6,8,20,6,5,5,16,6,6,5,14,3,False
-41.6,90,23,24,43,5,1,-1,0,5,6,21,10,9,8,29,12,5,5,21,11,4,5,19,10,False
-37.4,85,22,18,45,5,1,4,0,7,2,21,12,6,7,29,16,6,5,22,11,3,4,13,6,False
-44.9,88,22,21,45,3,2,1,0,4,5,23,14,6,5,23,12,7,5,23,11,5,6,19,8,False
-48.1,85,20,22,43,5,1,-2,0,5,4,21,12,4,6,24,14,5,6,23,12,6,6,17,5,False
-41.4,87,22,21,44,7,0,1,0,5,4,20,11,6,5,24,13,6,5,22,11,5,7,21,9,False
-44.0,90,22,18,50,3,2,4,0,7,2,24,15,6,7,28,15,6,5,23,12,3,4,15,8,False
-48.9,87,20,22,45,5,1,-2,0,5,4,21,12,4,6,25,15,5,6,24,13,6,6,17,5,False
-43.8,95,22,22,51,4,1,0,0,5,4,27,18,6,9,28,13,5,5,23,13,6,4,17,7,False
-35.3,87,22,22,43,7,1,0,0,4,6,21,11,6,8,27,13,7,5,23,11,5,3,16,8,False
-49.3,85,22,22,41,3,1,0,0,4,6,21,11,6,8,26,12,7,5,24,12,5,3,14,6,False
-49.0,90,23,18,49,3,1,5,0,7,2,24,15,6,7,26,13,5,5,24,14,5,4,16,7,False
-43.6,90,23,18,49,3,1,5,0,7,2,24,15,6,7,27,14,5,5,24,14,5,4,15,6,False
-63.2,122,21,22,79,4,4,-1,0,5,7,17,5,9,5,32,18,5,4,34,25,2,6,39,31,False
-37.8,84,23,22,39,4,2,1,0,5,5,17,7,7,5,20,8,6,7,24,11,5,5,23,13,False
-42.5,84,22,22,40,5,2,0,0,4,6,15,5,7,4,24,13,6,6,24,12,5,6,21,10,False
-57.0,86,21,22,43,2,2,-1,0,3,7,16,6,8,4,22,10,5,6,25,14,5,5,23,13,False
-34.8,100,22,22,56,2,2,0,0,4,5,33,24,11,9,38,18,4,5,18,9,3,3,11,5,False
-42.2,71,23,23,25,4,1,0,0,6,2,11,3,4,7,18,7,8,9,25,8,5,5,17,7,False
-53.0,83,22,21,40,5,1,1,0,4,3,15,8,6,4,22,12,4,11,27,12,8,3,19,8,False
-44.9,84,22,22,40,4,1,0,0,6,3,16,7,5,8,24,11,9,4,24,11,2,7,20,11,False
-61.5,129,18,23,88,4,4,-5,0,4,7,35,24,5,8,37,24,6,4,30,20,3,4,27,20,False
-58.3,127,18,23,86,3,4,-5,0,4,7,34,23,5,8,38,25,6,4,30,20,3,4,25,18,False
-43.1,124,22,21,81,5,3,1,0,7,6,35,22,8,5,37,24,5,5,28,18,2,5,24,17,False
-49.2,115,23,23,69,4,4,0,0,5,5,32,22,5,9,31,17,6,7,26,13,7,2,26,17,False
-41.0,94,21,22,51,6,1,-1,0,7,3,26,16,4,8,27,15,5,9,25,11,5,2,16,9,False
-29.1,74,22,21,31,3,3,1,0,7,8,22,7,4,5,19,10,6,5,21,10,5,3,12,4,False
-33.2,98,23,21,54,8,1,2,0,7,6,29,16,6,7,30,17,6,5,22,11,4,3,17,10,False
-31.9,88,23,21,44,7,1,2,0,7,6,25,12,6,7,27,14,6,5,20,9,4,3,16,9,False
-31.9,88,23,21,44,7,1,2,0,7,6,25,12,6,7,27,14,6,5,20,9,4,3,16,9,False
-30.8,91,22,22,47,6,2,0,0,4,5,18,9,6,3,24,15,7,3,19,9,5,11,30,14,False
-42.1,96,22,21,53,4,2,1,0,4,6,20,10,8,4,24,12,5,5,25,15,5,6,27,16,False
-28.5,78,22,22,34,4,1,0,0,5,8,22,9,8,8,32,16,7,2,15,6,2,4,9,3,False
-35.6,106,22,22,62,6,2,0,0,8,6,33,19,9,8,29,12,4,4,22,14,1,4,22,17,False
-29.0,80,21,21,38,5,1,0,0,3,9,22,10,10,4,31,17,5,4,17,8,3,4,10,3,False
-34.1,84,22,22,40,3,2,0,0,1,6,15,8,9,6,32,17,6,4,19,9,6,6,18,6,False
-48.9,96,21,21,54,1,2,0,0,2,8,28,18,10,4,32,18,5,6,18,7,4,3,18,11,False
-66.0,96,22,22,52,5,1,0,0,4,2,8,2,2,6,16,8,12,4,34,18,4,10,38,24,False
-36.9,95,22,22,51,2,1,0,0,7,6,32,19,7,10,37,20,6,1,10,3,2,5,16,9,False
-57.3,97,22,22,53,1,1,0,0,7,8,30,15,7,7,23,9,3,4,19,12,5,3,25,17,False
-39.8,96,22,21,53,2,3,1,0,7,4,25,14,3,6,20,11,8,5,31,18,4,6,20,10,False
-44.1,97,22,22,53,5,0,0,0,6,8,29,15,8,5,32,19,4,3,20,13,4,6,16,6,False
-60.2,96,23,22,51,7,1,1,0,2,7,13,4,10,2,20,8,11,2,35,22,0,11,28,17,False
-46.5,98,22,22,54,4,1,0,0,4,10,31,17,11,5,31,15,1,6,19,12,6,1,17,10,False
-49.1,98,22,23,53,2,1,-1,0,3,6,32,23,6,9,34,19,8,4,18,6,5,4,14,5,False
-47.6,97,22,22,53,0,3,0,0,8,8,36,20,7,7,32,18,3,6,16,7,4,1,13,8,False
-44.0,98,23,22,53,0,2,1,0,6,8,33,19,9,5,30,16,3,4,17,10,5,5,18,8,False
-56.5,97,22,22,53,4,2,0,0,3,5,20,12,8,4,25,13,8,5,30,17,3,8,22,11,False
-55.7,94,22,19,53,3,1,3,0,8,3,22,11,2,7,21,12,4,6,29,19,8,3,22,11,False
-48.4,97,22,22,53,2,1,0,0,6,5,25,14,8,8,36,20,6,4,19,9,2,5,17,10,False
-41.1,99,22,24,53,6,3,-2,0,5,8,18,5,5,4,19,10,6,5,26,15,6,7,36,23,False
-45.6,97,23,22,52,7,1,1,0,6,4,19,9,3,7,29,19,9,3,26,14,5,8,23,10,False
-54.1,97,23,22,52,4,2,1,0,6,4,16,6,3,7,29,19,9,3,28,16,5,8,24,11,False
-31.2,97,22,21,54,4,2,1,0,8,7,33,18,6,10,30,14,5,3,20,12,3,1,14,10,False
-41.9,100,25,19,56,3,3,6,0,6,0,13,7,3,9,26,14,7,6,31,18,9,4,30,17,False
-35.4,97,22,23,52,3,4,-1,0,4,2,24,18,7,9,30,14,5,7,24,12,6,5,19,8,False
-36.1,97,23,22,52,3,3,1,0,3,4,17,10,5,8,28,15,10,4,31,17,5,6,21,10,False
-46.5,97,22,22,53,4,1,0,0,8,7,30,15,7,7,32,18,4,3,17,10,3,5,18,10,False
-52.3,83,23,22,38,2,1,1,0,4,9,24,11,8,5,22,9,3,6,20,11,8,2,17,7,False
-58.2,96,22,22,52,4,3,0,0,1,1,8,6,4,7,20,9,10,5,34,19,7,9,34,18,False
-51.2,97,22,22,53,3,2,0,0,7,5,31,19,6,6,27,15,2,9,21,10,7,2,18,9,False
-47.1,97,22,22,53,3,0,0,0,6,8,28,14,8,8,36,20,5,1,15,9,3,5,18,10,False
-30.1,99,22,24,53,2,3,-2,0,5,4,21,12,4,7,22,11,8,7,25,10,5,6,31,20,False
-55.0,97,22,21,54,1,3,1,0,5,6,30,19,8,7,28,13,4,4,22,14,5,4,17,8,False
-75.0,85,21,22,42,0,1,-1,0,6,6,21,9,5,6,23,12,7,2,21,12,3,8,20,9,False
-55.5,97,22,20,55,3,1,2,0,9,3,29,17,4,10,34,20,7,2,17,8,2,5,17,10,False
-35.6,95,22,21,52,4,2,1,0,7,6,28,15,7,5,28,16,5,7,23,11,3,3,16,10,False
-72.7,97,21,22,54,1,1,-1,0,4,5,16,7,7,4,23,12,8,4,27,15,2,9,31,20,False
-60.2,96,20,22,54,6,2,-2,0,2,3,10,5,8,3,16,5,6,7,38,25,4,9,32,19,False
-66.3,97,22,22,53,1,2,0,0,3,8,20,9,8,3,24,13,4,7,29,18,7,4,24,13,False
-34.0,97,22,22,53,3,2,0,0,5,11,35,19,10,4,33,19,5,5,17,7,2,2,12,8,False
-53.1,98,25,21,52,0,4,4,0,7,4,29,18,4,5,20,11,7,8,24,9,7,4,25,14,False
-48.4,97,22,22,53,1,2,0,0,6,7,35,22,9,7,30,14,5,2,19,12,2,6,13,5,False
-56.8,97,22,22,53,1,1,0,0,6,7,34,21,9,7,28,12,5,2,22,15,2,6,13,5,False
-35.7,97,22,22,53,8,1,0,0,4,6,21,11,7,3,29,19,8,2,23,13,3,11,24,10,False
-32.8,96,21,22,53,2,2,-1,0,6,5,31,20,7,10,30,13,4,4,17,9,4,3,18,11,False
-30.6,96,21,22,53,5,2,-1,0,6,7,26,13,5,5,25,15,6,3,21,12,4,7,24,13,False
-28.3,81,22,22,37,5,2,0,0,4,4,19,11,4,8,19,7,9,3,25,13,5,7,18,6,False
-34.8,97,22,22,53,1,2,0,0,4,7,28,17,9,9,35,17,6,2,18,10,3,4,16,9,False
-23.0,78,21,21,36,4,1,0,0,3,8,21,10,7,7,28,14,8,1,14,5,3,5,15,7,False
-54.6,97,22,22,53,0,3,0,0,7,3,21,11,3,5,24,16,5,8,23,10,7,6,29,16,False
-32.8,97,22,21,54,4,2,1,0,5,4,20,11,7,7,29,15,5,5,22,12,5,5,26,16,False
-34.9,97,23,22,52,1,4,1,0,6,9,27,12,5,6,24,13,7,5,23,11,5,2,23,16,False
-29.6,88,22,22,44,6,2,0,0,7,4,20,9,3,7,25,15,7,4,21,10,5,7,22,10,False
-66.9,118,23,21,74,5,4,2,0,5,2,20,13,2,5,23,16,12,5,47,30,4,9,28,15,False
-33.2,66,19,23,24,5,0,-4,0,2,3,11,6,4,5,16,7,8,5,21,8,5,10,18,3,False
-44.6,95,20,22,53,1,4,-2,0,6,4,19,9,3,7,28,18,9,3,26,14,2,8,22,12,False
-44.0,109,23,23,63,5,3,0,0,4,3,19,12,7,9,40,24,7,3,24,14,5,8,26,13,False
-44.1,85,19,21,45,3,3,-2,0,3,2,7,2,3,5,18,10,11,1,30,18,2,13,30,15,True
-50.5,92,22,22,48,1,4,0,0,2,4,16,10,6,4,23,13,5,7,27,15,9,7,26,10,False
-31.4,86,21,22,43,5,1,-1,0,0,14,20,6,9,2,28,17,5,4,19,10,7,2,19,10,False
-51.8,86,22,22,42,3,2,0,0,6,4,19,9,4,5,23,14,4,7,23,12,8,6,21,7,False
-46.3,82,19,24,39,5,1,-5,0,4,3,12,5,2,7,19,10,5,8,30,17,8,6,21,7,False
-41.0,115,22,23,70,2,5,-1,0,5,6,30,19,8,9,40,23,2,6,27,19,7,2,18,9,False
-38.8,86,21,22,43,4,2,-1,0,5,7,25,13,8,5,28,15,5,6,20,9,3,4,13,6,False
-44.6,92,25,23,44,3,3,2,0,4,2,18,12,8,10,31,13,9,4,26,13,4,7,17,6,False
-60.8,118,22,23,73,8,2,-1,0,3,1,11,7,7,8,34,19,7,9,42,26,5,5,31,21,False
-49.4,111,22,22,67,4,5,0,0,4,5,21,12,7,2,28,19,9,3,31,19,2,12,31,17,False
-35.3,86,21,22,43,4,2,-1,0,5,7,24,12,8,6,29,15,5,6,21,10,3,3,12,6,False
-39.6,98,20,21,57,6,2,-1,0,2,5,16,9,7,9,34,18,8,2,27,17,3,5,21,13,False
-47.2,112,22,21,69,3,2,1,0,4,6,31,21,8,4,35,23,5,5,23,13,5,6,23,12,False
-47.8,73,23,20,30,3,2,3,0,4,3,10,3,3,5,13,5,11,3,26,12,5,9,24,10,False
-34.7,79,22,22,35,2,2,0,0,7,4,24,13,3,8,21,10,5,8,17,4,7,2,17,8,False
-37.5,91,21,22,48,5,1,-1,0,7,3,25,15,4,8,26,14,5,9,24,10,5,2,16,9,False
-22.8,78,22,22,34,3,2,0,0,6,5,22,11,10,9,34,15,3,4,14,7,3,4,8,1,False
-36.4,78,23,22,33,5,2,1,0,6,3,12,3,1,2,12,9,7,8,25,10,9,9,29,11,False
-31.2,77,21,22,34,4,2,-1,0,8,5,21,8,5,6,20,9,3,6,19,10,5,5,17,7,False
-29.8,84,25,22,37,5,2,3,0,5,5,19,9,7,5,20,8,6,8,26,12,7,4,19,8,False
-24.8,79,22,21,36,5,2,1,0,4,7,21,10,7,7,30,16,7,3,16,6,4,4,12,4,False
-31.2,76,22,21,33,3,2,1,0,5,5,20,10,9,5,26,12,4,7,15,4,4,4,15,7,False
-41.6,81,22,22,37,1,2,0,0,5,7,21,9,9,8,30,13,4,5,19,10,4,2,11,5,False
-41.6,88,23,22,43,3,3,1,0,7,6,27,14,5,6,18,7,7,5,24,12,4,5,19,10,False
-36.5,98,22,22,54,6,1,0,0,5,5,22,12,3,6,23,14,9,2,26,15,5,9,27,13,False
-44.3,74,22,22,30,3,2,0,0,4,5,14,5,7,4,17,6,1,11,20,8,10,2,23,11,False
-39.8,86,20,21,45,5,1,-1,0,5,1,15,9,2,7,17,8,11,1,29,17,2,12,25,11,True
-39.3,79,21,22,36,4,1,-1,0,3,4,15,8,6,2,20,12,6,9,24,9,6,7,20,7,False
-32.0,77,21,22,34,5,2,-1,0,4,5,23,14,6,4,18,8,6,9,20,5,5,4,16,7,False
-40.3,72,22,22,28,1,2,0,0,9,5,18,4,6,10,24,8,3,4,15,8,4,3,15,8,False
-31.1,78,22,23,33,3,2,-1,0,4,8,19,7,6,6,18,6,6,5,23,12,6,4,18,8,False
-32.3,82,22,24,36,3,3,-2,0,8,8,27,11,5,6,18,7,5,3,18,10,4,7,19,8,False
-31.4,77,22,22,33,2,2,0,0,5,10,21,6,10,5,23,8,4,5,19,10,3,2,14,9,False
-37.8,75,22,22,31,3,1,0,0,6,3,21,12,5,8,22,9,6,9,20,5,5,2,12,5,False
-36.8,86,20,22,44,4,3,-2,0,2,2,9,5,4,6,17,7,12,4,26,10,2,10,34,22,True
-56.8,82,24,21,37,3,3,3,0,2,1,6,3,5,4,15,6,14,5,36,17,3,11,25,11,True
-56.7,86,22,22,42,1,1,0,0,1,9,22,12,11,2,26,13,5,6,17,6,5,5,21,11,False
-37.7,91,18,21,52,3,3,-3,0,4,2,17,11,3,9,22,10,7,3,32,22,4,7,20,9,False
-39.3,69,21,22,26,4,1,-1,0,5,0,5,0,1,8,16,7,7,9,27,11,8,5,21,8,False
-50.1,90,22,22,46,6,2,0,0,2,2,12,8,3,3,11,5,13,6,37,18,4,11,30,15,False
-35.4,75,26,22,27,4,2,4,0,4,3,13,6,4,6,14,4,14,4,29,11,4,9,19,6,True
-44.3,73,21,20,32,3,2,1,0,1,2,6,3,4,3,12,5,14,2,33,17,2,13,22,7,True
-36.0,69,24,23,22,3,3,1,0,3,4,10,3,5,4,13,4,15,2,27,10,1,13,19,5,True
-44.1,82,22,20,40,3,2,2,0,5,2,12,5,1,4,10,5,11,5,37,21,5,9,23,9,True
-36.4,102,22,22,58,7,4,0,0,7,1,22,14,3,8,24,13,11,2,32,19,1,11,24,12,True
-31.1,83,23,20,40,7,2,3,0,3,0,8,5,5,7,18,6,11,3,32,18,4,10,25,11,False
-36.0,87,21,18,48,4,2,3,0,3,2,13,8,2,6,20,12,14,3,35,18,2,7,19,10,False
-39.0,88,22,22,44,3,2,0,0,6,9,29,14,6,6,28,16,5,3,16,8,5,4,15,6,False
-54.0,112,22,21,69,3,4,1,0,6,7,30,17,8,7,32,17,6,2,28,20,2,5,22,15,False
-57.8,84,21,22,41,1,1,-1,0,3,7,21,11,7,4,23,12,5,6,20,9,6,5,20,9,False
-34.0,90,22,22,46,6,2,0,0,3,6,21,12,7,5,23,11,8,5,26,13,4,6,20,10,False
-73.0,91,22,22,47,1,1,0,0,5,4,22,13,7,5,21,9,8,3,22,11,2,10,26,14,False
-39.9,84,22,19,43,2,1,3,0,8,8,31,15,8,8,27,11,3,1,13,9,3,2,13,8,False
-56.4,136,22,24,90,11,4,-2,0,2,5,17,10,4,2,18,12,5,9,42,28,11,8,59,40,False
-32.8,66,24,22,20,4,1,2,0,7,2,10,1,3,6,13,4,12,1,21,8,2,13,22,7,False
-53.4,113,21,19,73,7,2,2,0,2,5,18,11,7,6,30,17,8,1,29,20,4,7,36,25,False
-21.4,70,21,21,28,2,4,0,0,5,3,14,6,4,6,17,7,5,6,19,8,7,6,20,7,False
-32.9,89,23,22,44,1,3,1,0,7,8,29,14,9,9,34,16,5,2,13,6,2,3,13,8,False
-57.7,84,23,22,39,2,2,1,0,5,3,20,12,4,6,19,9,8,6,25,11,6,7,20,7,False
-59.1,111,22,23,66,2,2,-1,0,6,9,33,18,8,6,41,27,5,2,16,9,3,6,21,12,False
-31.9,78,24,22,32,3,1,2,0,11,7,25,7,10,11,33,12,2,3,13,8,1,1,7,5,False
-30.1,75,23,21,31,4,2,2,0,7,4,17,6,4,5,18,9,5,7,22,10,7,5,18,6,False
-34.0,66,25,20,21,5,2,5,0,4,0,7,3,4,4,12,4,11,5,24,8,6,11,23,6,True
-25.0,65,22,22,21,2,1,0,0,10,6,26,10,7,10,22,5,4,2,10,4,1,4,7,2,False
-40.6,67,22,22,23,1,1,0,0,8,5,20,7,4,8,18,6,8,1,14,5,2,8,15,5,False
-23.4,82,24,23,35,3,2,1,0,8,6,34,20,6,8,22,8,8,1,13,4,2,8,13,3,False
-30.7,85,22,18,45,6,2,4,0,5,1,17,11,3,6,18,9,2,8,27,17,12,3,23,8,False
-54.8,149,21,22,106,9,5,-1,0,3,1,27,23,3,5,38,30,6,10,40,24,9,6,44,29,False
-34.7,84,22,22,40,4,1,0,0,6,7,27,14,8,7,26,11,5,5,19,9,3,3,12,6,False
-34.9,84,22,23,39,4,2,-1,0,4,8,26,14,9,8,26,9,6,3,18,9,3,4,14,7,False
-28.4,61,22,22,17,2,1,0,0,5,7,16,4,10,7,20,3,4,4,11,3,3,4,14,7,False
-46.2,80,21,21,38,4,2,0,0,2,0,6,4,3,1,10,6,11,7,31,13,5,13,33,15,False
-41.5,80,21,22,37,4,2,-1,0,1,2,9,6,5,2,13,6,8,10,28,10,7,8,30,15,True
-35.0,80,21,20,39,3,3,1,0,1,8,15,6,5,1,18,12,5,8,26,13,10,3,21,8,False
-33.5,80,23,20,37,6,2,3,0,3,3,11,5,7,5,22,10,8,5,21,8,5,7,26,14,False
-43.2,80,22,22,36,5,2,0,0,1,3,8,4,5,2,15,8,5,12,26,9,11,5,31,15,False
-49.1,80,22,20,38,6,1,2,0,1,2,8,5,5,0,9,4,6,10,33,17,10,8,30,12,False
-34.0,80,22,21,37,5,2,1,0,3,6,18,9,7,3,18,8,5,6,20,9,7,6,24,11,False
-43.0,100,22,22,56,3,2,0,0,5,7,29,17,6,5,27,16,5,6,21,10,6,4,23,13,False
-41.6,80,21,21,38,5,1,0,0,4,5,21,12,7,3,17,7,7,2,20,11,3,11,22,8,False
-42.2,89,22,22,45,8,1,0,0,3,5,14,6,5,4,24,15,5,9,25,11,9,4,26,13,False
-54.8,93,24,21,48,6,1,3,0,3,2,12,7,3,4,16,9,10,6,33,17,8,9,32,15,False
-41.3,105,22,22,61,4,1,0,0,5,7,28,16,6,6,29,17,4,6,21,11,7,3,27,17,False
-46.7,110,23,22,65,6,2,1,0,5,1,20,14,5,7,30,18,7,4,28,17,6,10,32,16,False
-30.1,78,20,21,37,7,1,-1,0,8,7,23,8,5,5,19,9,3,5,22,14,4,4,14,6,False
-46.7,81,21,21,39,3,1,0,0,2,8,18,8,7,2,19,10,5,6,25,14,7,5,19,7,False
-39.7,77,22,22,33,2,1,0,0,4,11,26,11,11,3,24,10,2,6,13,5,5,2,14,7,False
-32.4,67,21,22,24,5,1,-1,0,5,4,14,5,3,7,14,4,8,3,20,9,5,8,19,6,False
-27.1,74,22,22,30,3,2,0,0,8,6,23,9,2,4,21,15,8,4,17,5,4,8,13,1,False
-47.0,76,23,22,31,4,1,1,0,6,1,12,5,5,6,15,4,10,6,30,14,2,9,19,8,False
-48.3,76,22,22,32,0,2,0,0,5,7,20,8,8,6,23,9,8,2,18,8,1,7,15,7,False
-71.2,75,21,21,33,0,1,0,0,3,5,16,8,4,3,18,11,5,8,21,8,9,5,20,6,False
-69.8,75,21,21,33,0,1,0,0,3,5,18,10,4,3,16,9,5,8,20,7,9,5,21,7,False
-40.2,78,23,22,33,2,2,1,0,6,5,22,11,7,7,26,12,7,4,15,4,3,6,15,6,False
-43.8,90,21,22,47,3,2,-1,0,8,5,27,14,6,8,30,16,2,7,21,12,5,2,12,5,False
-40.1,74,21,25,28,2,2,-4,0,5,11,23,7,8,6,24,10,6,1,14,7,2,7,13,4,False
-37.2,79,22,22,35,3,1,0,0,10,4,26,12,3,10,25,12,7,3,14,4,2,5,14,7,False
-43.3,82,22,24,36,3,1,-2,0,11,6,28,11,3,11,28,14,0,7,15,8,8,0,11,3,False
-64.4,80,22,22,36,3,1,0,0,5,3,16,8,4,5,14,5,3,10,24,11,10,4,26,12,False
-55.1,76,21,20,35,1,3,1,0,4,4,15,7,4,3,12,5,11,2,24,11,2,11,25,12,False
-49.7,74,22,22,30,1,1,0,0,6,8,19,5,7,6,21,8,3,7,17,7,6,1,17,10,False
-35.0,81,21,22,38,4,2,-1,0,4,6,19,9,5,4,18,9,6,6,25,13,6,6,19,7,False
-48.4,75,22,21,32,2,1,1,0,9,3,20,8,3,8,23,12,8,1,16,7,2,9,16,5,False
-51.5,85,22,22,41,3,2,0,0,4,4,15,7,6,6,22,10,6,5,26,15,6,7,22,9,False
-73.7,81,21,22,38,1,1,-1,0,5,4,16,7,3,5,19,11,6,6,24,12,7,7,22,8,False
-70.7,81,21,22,38,0,1,-1,0,5,4,19,10,3,5,16,8,6,6,22,10,7,7,24,10,False
-81.8,85,22,22,41,2,0,0,0,2,9,16,5,8,2,18,8,4,6,25,15,8,5,26,13,False
-78.5,81,22,22,37,2,0,0,0,2,9,17,6,8,2,16,6,4,6,25,15,8,5,23,10,False
-47.2,82,23,21,38,3,2,2,0,6,3,22,13,4,4,20,12,13,0,18,5,0,14,22,8,False
-47.6,68,22,22,24,1,2,0,0,0,10,16,6,11,1,19,7,3,8,18,7,8,3,15,4,False
-40.2,82,23,22,37,3,1,1,0,3,5,16,8,7,5,26,14,9,3,23,11,4,9,17,4,False
-44.9,82,23,21,38,3,3,2,0,4,4,15,7,5,3,15,7,7,8,27,12,7,6,25,12,False
-61.0,94,25,22,47,6,1,3,0,3,2,12,7,4,3,11,4,5,11,35,19,13,6,36,17,False
-59.8,88,25,22,41,6,1,3,0,3,2,11,6,4,3,9,2,5,11,33,17,13,6,35,16,False
-61.0,94,25,22,47,6,1,3,0,3,2,12,7,4,3,11,4,5,11,35,19,13,6,36,17,False
-30.6,75,24,23,28,3,3,1,0,4,4,21,13,6,6,16,4,8,3,17,6,6,10,21,5,False
-35.4,79,23,23,33,5,2,0,0,9,6,21,6,5,6,18,7,4,7,19,8,5,4,21,12,False
-44.9,85,22,21,42,6,1,1,0,2,4,19,13,7,5,18,6,7,8,26,11,6,4,22,12,False
-49.4,77,22,21,34,2,1,1,0,9,3,21,9,3,8,23,12,8,1,16,7,2,9,17,6,False
-46.1,70,23,20,27,3,1,3,0,3,1,7,3,4,4,14,6,11,10,28,7,5,5,21,11,False
-36.5,73,25,21,27,6,1,4,0,3,2,10,5,6,6,19,7,8,9,23,6,8,4,21,9,False
-55.6,80,20,23,37,4,2,-3,0,3,7,13,3,4,3,14,7,4,10,28,14,9,3,25,13,False
-48.3,76,22,23,31,6,1,-1,0,2,5,13,6,7,3,13,3,3,10,24,11,10,5,26,11,False
-29.2,77,23,21,33,3,3,2,0,5,2,13,6,6,6,27,15,10,3,19,6,2,10,18,6,False
-43.4,73,21,22,30,2,3,-1,0,4,3,11,4,1,6,11,4,9,6,26,11,7,7,25,11,False
-33.8,75,23,20,32,1,2,3,0,7,8,24,9,9,7,26,10,5,1,11,5,2,4,14,8,False
-33.2,85,22,22,41,7,1,0,0,8,3,17,6,3,6,20,11,7,5,25,13,4,8,23,11,False
-38.6,80,22,21,37,3,2,1,0,7,5,23,11,5,6,23,12,6,6,21,9,4,4,13,5,False
-31.6,87,21,22,44,5,2,-1,0,9,3,24,12,3,10,27,14,3,6,18,9,6,3,18,9,False
-40.8,79,18,20,41,4,2,-2,0,3,5,16,8,6,3,19,10,4,6,22,12,5,6,22,11,False
-44.1,82,22,20,40,3,2,2,0,5,2,12,5,1,4,10,5,11,5,37,21,5,9,23,9,False
-29.6,100,23,23,54,3,2,0,0,8,2,20,10,3,8,25,14,9,4,27,14,3,9,28,16,True
-20.1,63,21,21,21,1,2,0,0,6,7,15,2,10,9,31,12,4,1,10,5,1,4,7,2,True
-18.3,79,22,20,37,2,3,2,0,8,5,25,12,5,7,24,12,6,4,18,8,3,4,12,5,False
-26.3,87,22,24,41,2,4,-2,0,1,13,22,8,16,2,34,16,3,1,15,11,2,8,16,6,False
-44.3,86,23,23,40,1,2,0,0,4,3,10,3,5,11,33,17,6,5,23,12,8,4,20,8,False
-55.6,92,22,23,47,4,1,-1,0,7,5,19,7,7,5,23,11,5,8,26,13,3,5,24,16,False
-27.8,79,22,23,34,5,1,-1,0,9,4,23,10,4,8,22,10,7,2,15,6,2,9,19,8,False
-48.9,83,22,22,39,6,1,0,0,4,2,12,6,3,5,17,9,9,8,32,15,6,7,22,9,False
-38.8,79,22,22,35,6,2,0,0,0,4,13,9,4,3,10,3,13,3,33,17,5,12,23,6,True
-68.1,83,22,22,39,3,1,0,0,5,3,18,10,2,6,15,7,10,3,26,13,5,10,24,9,False
-73.6,95,20,21,54,2,1,-1,0,5,2,18,11,3,5,22,14,10,5,28,13,2,9,27,16,False
-44.7,110,20,18,72,4,4,2,0,2,7,23,14,9,4,25,12,2,5,28,21,7,2,34,25,False
-69.0,97,21,23,53,4,2,-2,0,0,5,14,9,6,1,16,9,10,8,38,20,5,9,29,15,False
-52.4,99,22,22,55,3,2,0,0,5,8,28,15,8,5,26,13,3,6,21,12,6,3,24,15,False
-51.6,74,22,22,30,2,1,0,0,9,2,17,6,3,9,20,8,7,3,19,9,3,8,18,7,False
-24.1,73,23,22,28,4,2,1,0,4,7,22,11,9,4,21,8,7,2,16,7,3,9,14,2,False
-38.8,60,22,22,16,4,1,0,0,4,1,6,1,3,4,11,4,8,8,24,8,7,9,19,3,False
-60.0,94,20,22,52,1,2,-2,0,4,4,20,12,6,5,32,21,4,8,25,13,6,5,17,6,False
-33.9,68,23,22,23,1,2,1,0,7,4,13,2,3,7,19,9,12,1,18,5,1,10,18,7,False
-45.7,87,22,23,42,5,1,-1,0,6,4,24,14,5,7,25,13,5,8,22,9,6,4,16,6,False
-53.1,72,22,22,28,3,1,0,0,4,6,17,7,7,6,18,5,7,2,18,9,4,8,19,7,False
-46.9,84,22,21,41,2,1,1,0,4,6,29,19,10,5,30,15,2,9,16,5,6,1,9,2,False
-57.0,93,21,22,50,2,1,-1,0,6,6,27,15,7,7,33,19,4,4,17,9,4,5,16,7,False
-41.6,78,22,22,34,2,1,0,0,4,3,9,2,8,7,25,10,7,10,31,14,3,2,13,8,False
-63.0,90,23,22,45,5,1,1,0,6,4,17,7,5,6,21,10,9,3,29,17,3,9,23,11,False
-30.2,69,24,24,21,5,1,0,0,4,7,19,8,6,5,15,4,9,5,19,5,5,7,16,4,False
-73.9,148,22,22,104,3,4,0,0,4,3,15,8,8,8,46,30,7,10,56,39,3,1,31,27,False
-63.2,105,21,21,63,2,2,0,0,5,8,36,23,9,6,36,21,5,4,19,10,2,3,14,9,False
-78.9,102,22,22,58,0,1,0,0,3,10,34,21,10,3,34,21,6,3,17,8,3,6,17,8,False
-74.1,100,22,22,56,1,1,0,0,3,10,33,20,10,3,34,21,6,3,17,8,3,6,16,7,False
-70.8,86,22,21,43,4,1,1,0,5,4,15,6,3,5,17,9,4,10,28,14,10,2,26,14,False
-68.6,84,23,22,39,0,2,1,0,7,2,20,11,2,10,17,5,6,4,25,15,8,6,22,8,False
-49.4,77,22,21,34,2,1,1,0,9,3,20,8,3,10,22,9,7,3,17,7,3,5,18,10,False
-47.1,71,21,22,28,3,1,-1,0,4,7,20,9,7,7,20,6,3,6,15,6,7,2,16,7,False
-32.4,67,21,21,25,2,2,0,0,5,3,16,8,6,9,21,6,3,6,17,8,7,3,13,3,False
-40.1,58,23,22,13,1,1,1,0,4,4,11,3,6,4,10,0,6,9,22,7,7,5,15,3,False
-43.1,107,22,22,63,5,3,0,0,6,4,25,15,4,5,24,15,9,8,34,17,3,5,24,16,False
-46.8,102,20,22,60,2,3,-2,0,0,4,16,12,5,3,28,20,12,4,30,14,3,11,28,14,True
-43.7,109,22,21,66,5,2,1,0,9,8,38,21,6,8,32,18,3,2,18,13,4,3,21,14,False
-62.4,108,21,23,64,3,2,-2,0,6,0,16,10,2,6,23,15,7,9,31,15,6,8,38,24,False
-36.5,70,22,22,26,0,2,0,0,8,6,23,9,6,9,18,3,3,4,14,7,5,3,15,7,False
-60.2,77,22,22,33,1,1,0,0,3,7,17,7,8,3,17,6,4,7,17,6,7,5,26,14,False
-44.3,97,22,20,55,1,4,2,0,7,3,29,19,4,6,19,9,8,3,23,12,3,8,26,15,False
-47.4,97,22,20,55,1,3,2,0,7,3,29,19,4,6,16,6,8,3,24,13,3,8,28,17,False
-39.2,70,22,22,26,2,1,0,0,6,6,20,8,8,7,21,6,5,3,15,7,3,6,14,5,False
-30.6,80,22,21,37,2,3,1,0,2,12,24,10,10,1,23,12,4,3,15,8,6,5,18,7,False
-42.0,82,20,22,40,4,0,-2,0,6,9,26,11,9,5,26,12,5,4,18,9,0,4,12,8,False
-57.6,81,21,21,39,3,1,0,0,2,5,20,13,4,3,19,12,2,11,20,7,13,2,22,7,False
-31.3,67,20,21,26,0,2,-1,0,6,9,23,8,9,6,23,8,5,1,11,5,0,5,10,5,False
-41.0,70,22,21,27,0,2,1,0,3,11,18,4,10,1,23,12,5,3,16,8,4,6,13,3,False
-26.0,67,22,22,23,2,2,0,0,2,4,11,5,8,4,20,8,3,10,15,2,9,4,21,8,False
-43.5,76,20,22,34,3,1,-2,0,6,7,25,12,7,7,20,6,6,3,17,8,1,5,14,8,False
-55.8,92,23,21,48,1,1,2,0,7,9,31,15,9,8,35,18,5,1,14,8,2,3,12,7,False
-55.3,78,21,22,35,1,1,-1,0,7,4,19,8,6,7,23,10,3,8,19,8,5,3,17,9,False
-29.3,70,22,22,26,1,3,0,0,7,2,16,7,4,10,20,6,7,5,21,9,4,5,13,4,False
-16.6,57,16,20,21,3,2,-4,0,3,5,12,4,2,3,10,5,4,5,16,7,7,7,19,5,False
-40.9,70,20,22,28,0,1,-2,0,2,10,24,12,8,2,14,4,4,6,19,9,6,4,13,3,False
-38.0,69,22,22,25,2,1,0,0,7,5,19,7,5,7,20,8,4,6,14,4,6,4,16,6,False
-56.1,78,22,21,35,1,1,1,0,8,3,22,11,3,6,16,7,5,7,20,8,6,5,20,9,False
-47.8,74,22,22,30,0,1,0,0,6,7,23,10,8,8,23,7,5,3,17,9,3,4,11,4,False
-35.95,88,21,21,46,0,1,0,0,6,6,29,17,7,7,30,16,6,2,10,2,2,6,19,11,False
-35.4,61,23,22,16,4,1,1,0,3,1,6,2,3,6,12,3,14,5,26,7,3,10,17,4,True
-60.9,79,20,22,37,3,1,-2,0,3,7,18,8,6,3,16,7,4,7,23,12,7,5,22,10,False
-31.3,68,21,23,24,4,2,-2,0,4,3,11,4,4,2,8,2,8,7,25,10,5,11,24,8,False
-23.3,69,22,20,27,3,2,2,0,6,2,16,8,7,8,21,6,7,2,14,5,2,8,18,8,True
-55.0,90,23,22,45,1,3,1,0,3,2,15,10,3,5,17,9,13,3,29,13,4,12,29,13,True
-50.4,77,19,22,36,2,1,-3,0,8,4,21,9,4,8,22,10,4,6,18,8,3,4,16,9,False
-36.8,63,22,21,20,5,0,1,0,7,2,13,4,2,7,13,4,11,2,20,7,2,10,17,5,True
-43.9,64,24,21,19,4,1,3,0,3,2,7,2,4,5,13,4,13,4,25,8,4,10,19,5,True
-43.6,76,19,21,36,1,2,-2,0,2,7,20,11,8,4,21,9,2,7,18,9,7,3,17,7,False
-43.6,76,19,21,36,1,2,-2,0,2,7,20,11,8,4,21,9,2,7,18,9,7,3,17,7,False
-35.6,78,22,22,34,1,2,0,0,8,4,24,12,5,7,24,12,7,2,13,4,2,9,17,6,False
-38.3,83,22,23,38,3,2,-1,0,6,5,22,11,5,7,24,12,4,10,25,11,7,1,12,4,False
-43.6,74,22,21,31,3,2,1,0,4,2,13,7,2,3,10,5,11,7,30,12,5,9,21,7,False
-42.8,81,22,22,37,4,1,0,0,9,5,28,14,4,8,22,10,4,4,16,8,5,5,15,5,False
-48.8,75,22,22,31,1,2,0,0,5,7,23,11,6,3,17,8,5,5,17,7,6,7,18,5,False
-35.5,67,22,22,23,3,0,0,0,5,11,22,6,9,5,23,9,3,4,10,3,5,2,12,5,False
-47.5,73,19,22,32,1,1,-3,0,7,4,19,8,5,9,25,11,4,4,14,6,3,5,15,7,False
-29.4,71,22,22,27,6,1,0,0,3,1,8,4,5,6,16,5,7,6,23,10,7,9,24,8,False
-47.2,79,23,26,30,5,1,-3,0,3,1,8,4,2,2,10,6,12,9,31,10,6,14,30,10,False
-41.7,79,21,21,37,1,1,0,0,6,7,28,15,7,8,23,8,4,2,11,5,4,4,17,9,False
-30.8,66,22,21,23,2,2,1,0,8,2,18,8,1,6,11,4,9,2,19,8,4,11,18,3,True
-21.8,70,23,23,24,3,2,0,0,12,5,24,7,4,11,25,10,6,3,14,5,1,4,7,2,False
-35.1,88,22,23,43,6,3,-1,0,6,7,22,9,5,7,17,5,4,6,24,14,7,3,25,15,False
-55.0,75,22,22,31,1,1,0,0,8,5,22,9,5,8,19,6,4,5,15,6,5,4,19,10,False
-42.0,73,22,21,30,2,1,1,0,6,3,22,13,5,10,24,9,5,5,14,4,6,3,13,4,False
-53.8,72,21,22,29,1,2,-1,0,6,3,17,8,3,8,23,12,9,3,18,6,3,8,14,3,False
-31.5,80,22,22,36,4,2,0,0,2,8,18,8,11,5,25,9,4,4,17,9,5,5,20,10,False
-23.4,66,23,21,22,3,1,2,0,6,6,24,12,8,9,24,7,5,5,11,1,4,1,7,2,False
-62.5,82,22,22,38,1,1,0,0,6,4,15,5,7,6,24,11,2,9,23,12,7,3,20,10,False
-32.7,69,26,22,21,3,3,4,0,4,1,8,3,5,7,20,8,12,4,23,7,5,10,18,3,True
-42.5,80,22,21,37,6,2,1,0,5,2,13,6,2,4,15,9,2,12,26,12,13,3,26,10,False
-53.7,84,22,22,40,7,1,0,0,1,1,2,0,2,4,15,9,13,6,33,14,6,11,34,17,False
-33.2,60,22,21,17,3,2,1,0,5,3,10,2,2,3,8,3,11,7,26,8,4,8,16,4,True
-30.7,85,23,23,39,7,3,0,0,3,6,16,7,4,3,16,9,8,7,25,10,8,7,28,13,False
-32.4,75,23,23,29,1,1,0,0,7,7,30,16,8,8,23,7,3,6,14,5,5,2,8,1,False
-46.5,80,22,21,37,2,1,1,0,4,9,27,14,9,3,24,12,4,4,13,5,5,5,16,6,False
-42.9,74,22,22,30,3,2,0,0,5,2,11,4,1,7,11,3,12,3,25,10,4,10,27,13,False
-47.4,78,22,24,32,2,2,-2,0,4,2,14,8,3,8,15,4,10,6,24,8,5,8,25,12,False
-52.3,74,22,22,30,0,1,0,0,8,5,24,11,5,9,23,9,6,1,15,8,3,7,12,2,False
-33.9,74,22,26,26,2,3,-4,0,4,6,18,8,6,4,15,5,10,5,23,8,2,11,18,5,False
-30.7,63,22,20,21,4,1,2,0,4,2,11,5,5,7,15,3,2,11,19,6,11,0,18,7,True
-32.3,79,23,22,34,1,2,1,0,11,4,23,8,6,10,32,16,3,5,14,6,3,3,10,4,False
-38.0,75,22,22,31,3,1,0,0,6,6,20,8,6,8,24,10,7,3,14,4,3,5,17,9,False
-49.5,80,23,22,35,5,2,1,0,0,3,7,4,3,3,12,6,12,6,32,14,8,10,29,11,False
-48.6,67,21,22,24,0,1,-1,0,3,5,18,10,6,5,15,4,5,6,19,8,7,6,15,2,False
-24.6,72,22,23,27,5,2,-1,0,7,5,17,5,5,6,20,9,3,9,19,7,7,3,16,6,False
-38.2,86,22,23,41,8,1,-1,0,7,8,21,6,7,6,18,5,3,5,21,13,5,4,26,17,False
-53.3,70,23,18,29,1,1,5,0,8,1,17,8,3,8,20,9,7,5,18,6,5,4,15,6,False
-37.0,82,22,21,39,1,3,1,0,4,7,22,11,8,6,28,14,3,5,16,8,7,3,16,6,False
-46.9,75,22,22,31,2,2,0,0,4,7,20,9,5,3,15,7,2,9,20,9,11,3,20,6,False
-47.8,77,22,22,33,3,1,0,0,5,5,20,10,7,5,21,9,4,7,20,9,6,5,16,5,False
-54.6,79,22,23,34,0,3,-1,0,5,6,20,9,6,5,20,9,9,4,21,8,2,8,18,8,False
-62.5,84,22,22,40,0,2,0,0,1,10,23,12,10,1,23,12,1,10,21,10,10,1,17,6,False
-33.7,78,22,24,32,5,1,-2,0,4,11,23,8,9,5,18,4,8,1,21,12,1,7,16,8,False
-70.7,72,22,21,29,0,1,1,0,5,3,14,6,4,5,15,6,5,8,24,11,8,5,19,6,False
-48.6,76,22,21,33,3,0,1,0,5,6,24,13,9,8,23,6,4,4,16,8,4,3,13,6,False
-35.4,60,23,22,15,5,1,1,0,3,4,8,1,4,3,9,2,12,4,23,7,4,11,20,5,True
-39.8,54,20,22,12,0,1,-2,0,2,8,12,2,8,4,18,6,4,6,11,1,6,4,13,3,False
-38.6,81,24,22,35,4,2,2,0,8,3,21,10,3,5,17,9,10,2,23,11,3,12,20,5,True
-30.3,89,23,21,45,2,3,2,0,7,3,26,16,4,8,25,13,7,5,20,8,5,5,18,8,False
-42.9,90,21,22,47,4,4,-1,0,4,3,15,8,3,4,18,11,3,12,31,16,11,3,26,12,False
-37.7,58,23,22,13,4,0,1,0,5,3,10,2,2,4,9,3,12,5,22,5,4,10,17,3,True
-30.6,55,21,22,12,2,1,-1,0,4,6,13,3,5,5,14,4,5,8,14,1,7,3,14,4,False
-30.0,67,23,25,19,6,1,-2,0,7,3,14,4,1,5,8,2,12,4,24,8,3,13,21,5,True
-54.9,70,22,22,26,3,1,0,0,3,7,15,5,5,2,10,3,10,3,21,8,4,10,24,10,False
-36.9,76,23,21,32,2,3,2,0,7,1,12,4,3,7,15,5,10,5,25,10,3,8,24,13,False
-52.3,76,22,22,32,1,1,0,0,6,5,19,8,4,5,17,8,5,6,19,8,7,6,21,8,False
-33.6,69,22,21,26,3,1,1,0,6,9,24,9,7,5,19,7,3,4,11,4,6,3,15,6,False
-23.0,66,21,23,22,2,3,-2,0,2,7,14,5,8,5,20,7,8,2,15,5,3,9,17,5,True
-43.0,87,22,22,43,6,1,0,0,4,6,17,7,8,3,23,12,4,9,25,12,6,4,22,12,False
-37.4,63,22,22,19,3,2,0,0,4,3,12,5,4,3,8,1,8,7,23,8,6,9,20,5,False
-30.6,85,23,23,39,1,3,0,0,9,2,24,13,5,10,32,17,6,4,17,7,3,7,12,2,True
-34.5,69,23,21,25,5,1,2,0,5,1,12,6,3,11,20,6,11,4,20,5,4,5,17,8,True
-30.6,73,23,22,28,2,3,1,0,5,8,21,8,10,4,22,8,7,1,14,6,1,9,16,6,False
-30.4,62,23,23,16,4,1,0,0,2,2,4,0,3,4,8,1,12,8,24,4,6,9,26,11,True
-34.0,71,23,21,27,4,3,2,0,6,2,11,3,2,3,12,7,7,9,25,9,8,7,23,8,False
-27.5,54,22,22,10,4,0,0,0,5,3,9,1,5,4,11,2,10,6,20,4,2,9,14,3,True
-28.9,61,22,20,19,4,2,2,0,4,2,10,4,2,2,8,4,10,3,19,6,6,13,24,5,True
-28.5,56,22,22,12,5,1,0,0,2,3,6,1,5,2,8,1,12,3,20,5,3,14,22,5,True
-45.5,83,22,22,39,2,2,0,0,11,1,26,14,0,13,25,12,7,3,15,5,4,5,17,8,False
-28.3,66,22,23,21,1,2,-1,0,7,5,20,8,5,5,11,1,5,6,17,6,5,7,18,6,False
-57.5,72,22,22,28,1,1,0,0,2,7,18,9,9,3,20,8,4,8,18,6,7,4,16,5,False
-25.0,73,21,22,30,3,3,-1,0,5,9,21,7,7,5,15,3,5,2,20,13,4,6,17,7,False
-35.1,78,23,22,33,5,1,1,0,3,4,15,8,5,7,23,11,7,5,21,9,8,6,19,5,False
-51.0,77,23,22,32,3,1,1,0,3,5,13,5,6,4,15,5,8,6,26,12,6,7,23,10,False
-36.8,71,23,23,25,5,2,0,0,2,3,9,4,4,4,9,1,14,3,28,11,3,13,25,9,True
-39.1,80,22,22,36,2,1,0,0,8,9,28,11,8,7,25,10,5,1,13,7,1,5,14,8,False
-50.0,82,21,21,40,4,2,0,0,5,3,16,8,4,5,15,6,6,7,31,18,6,6,20,8,False
-44.6,75,21,22,32,1,1,-1,0,7,4,22,11,5,9,20,6,3,6,18,9,6,3,15,6,False
-62.8,92,21,24,47,4,2,-3,0,1,2,6,3,4,3,15,8,4,15,37,18,12,4,34,18,False
-51.0,88,21,22,45,4,2,-1,0,5,5,23,13,7,7,23,9,8,2,19,9,1,8,23,14,False
-39.4,76,21,21,34,3,1,0,0,5,6,20,9,7,8,28,13,7,4,17,6,2,3,11,6,False
-47.6,74,22,20,32,3,1,2,0,4,8,21,9,8,2,21,11,4,6,19,9,6,4,13,3,False
-38.1,77,24,22,31,5,1,2,0,7,2,19,10,4,6,15,5,13,1,19,5,0,13,24,11,False
-54.3,78,22,22,34,2,1,0,0,8,5,20,7,5,6,20,9,5,4,17,8,4,7,21,10,False
-26.5,76,22,21,33,1,3,1,0,7,7,29,15,8,5,21,8,6,4,14,4,1,5,12,6,False
-72.3,80,22,23,35,1,1,-1,0,5,3,20,12,3,7,17,7,10,4,22,8,4,9,21,8,False
-72.8,80,22,23,35,1,1,-1,0,5,3,17,9,3,7,20,10,10,4,21,7,4,9,22,9,False
-40.8,86,22,22,42,2,2,0,0,9,7,29,13,8,7,32,17,4,3,13,6,1,5,12,6,False
-45.1,80,22,22,36,1,1,0,0,10,3,25,12,4,10,22,8,7,4,20,9,1,5,13,7,False
-65.8,91,22,22,47,2,2,0,0,1,9,20,10,6,1,18,11,4,9,30,17,11,3,23,9,False
-64.2,76,21,22,33,0,1,-1,0,5,6,16,5,6,6,19,7,7,6,20,7,3,4,21,14,False
-55.1,79,22,22,35,0,1,0,0,9,6,23,8,6,9,26,11,4,3,18,11,3,4,12,5,False
-53.7,82,21,23,38,5,2,-2,0,1,0,9,8,2,5,12,5,8,10,33,15,10,8,28,10,False
-27.1,69,21,22,26,3,2,-1,0,7,8,26,11,7,6,22,9,3,4,10,3,4,4,11,3,False
-50.2,81,23,22,36,5,1,1,0,2,7,13,4,8,1,19,10,7,10,28,11,6,4,21,11,False
-38.8,80,22,22,36,5,2,0,0,6,3,15,6,3,5,17,9,7,8,25,10,6,6,23,11,False
-55.9,84,22,24,38,4,3,-2,0,1,2,8,5,2,2,9,5,12,7,35,16,7,13,32,12,False
-41.5,82,22,21,39,3,2,1,0,6,8,26,12,8,5,25,12,5,4,16,7,3,4,15,8,False
-48.0,79,20,22,37,0,2,-2,0,4,8,27,15,9,5,24,10,2,6,15,7,5,3,13,5,False
-38.7,87,24,23,40,6,2,1,0,6,2,17,9,3,8,17,6,7,8,27,12,8,5,26,13,False
-46.0,89,21,22,46,1,1,-1,0,9,6,35,20,6,9,28,13,5,3,14,6,1,4,12,7,False
-48.4,81,22,22,37,0,2,0,0,4,9,24,11,10,4,29,15,2,6,14,6,6,3,14,5,False
-55.8,71,21,21,29,1,1,0,0,7,4,17,6,4,7,23,12,5,5,16,6,5,5,15,5,False
-40.2,75,22,22,31,2,2,0,0,4,9,26,13,10,4,22,8,6,4,12,2,2,5,15,8,False
-54.1,74,22,22,30,1,1,0,0,7,6,21,8,5,8,21,8,4,4,17,9,6,4,15,5,False
-52.6,87,21,22,44,1,1,-1,0,6,6,31,19,7,7,25,11,4,4,15,7,4,5,16,7,False
-33.3,80,21,19,40,7,2,2,0,8,2,19,9,1,5,14,8,10,3,26,13,2,9,21,10,False
-36.6,80,22,23,35,4,2,-1,0,5,8,21,8,8,5,21,8,6,5,22,11,3,5,16,8,False
-49.4,73,21,21,31,3,0,0,0,7,5,18,6,5,6,22,11,7,3,18,8,2,7,15,6,False
-47.8,91,21,20,50,2,1,1,0,4,7,31,20,8,5,34,21,7,2,15,6,2,6,11,3,False
-53.1,103,22,22,59,4,1,0,0,5,6,24,13,7,6,31,18,6,5,25,14,4,5,23,14,False
-52.0,100,24,22,54,9,0,2,0,4,1,10,5,3,9,21,9,11,4,34,19,6,8,35,21,False
-37.2,97,24,21,52,5,2,3,0,5,4,18,9,10,6,32,16,6,3,22,13,3,8,25,14,False
-43.9,99,23,21,55,7,1,2,0,8,2,20,10,4,10,31,17,5,7,31,19,6,2,17,9,False
-31.1,107,22,22,63,7,2,0,0,8,2,21,11,3,8,29,18,7,6,36,23,4,6,21,11,True
-43.9,96,22,22,52,3,2,0,0,7,7,29,15,7,6,31,18,5,4,20,11,3,5,16,8,False
-46.3,110,21,21,68,3,3,0,0,5,2,23,16,3,8,28,17,10,3,32,19,3,8,27,16,True
-32.3,95,22,22,51,4,1,0,0,4,10,31,17,9,6,31,16,7,1,18,10,2,5,15,8,False
-32.1,96,19,19,58,4,2,0,0,6,9,36,21,7,6,30,17,4,0,12,8,2,4,18,12,False
-76.9,94,22,21,51,5,1,1,0,3,1,9,5,4,4,19,11,10,6,32,16,5,10,34,19,False
-31.1,100,24,22,54,4,1,2,0,4,10,32,18,11,5,34,18,7,2,19,10,2,5,15,8,False
-43.4,120,22,22,76,5,4,0,0,8,2,26,16,3,9,29,17,9,3,33,21,2,8,32,22,True
-56.6,103,21,22,60,3,2,-1,0,7,7,27,13,6,7,35,22,2,5,22,15,6,3,19,10,False
-37.9,79,24,21,34,5,1,3,0,5,1,11,5,4,7,17,6,12,3,29,14,3,10,22,9,True
-63.5,84,21,23,40,1,1,-2,0,4,7,21,10,7,5,24,12,7,4,20,9,3,7,19,9,False
-37.2,100,22,21,57,4,4,1,0,4,5,23,14,6,3,24,15,10,4,33,19,2,9,20,9,False
-24.8,76,22,21,33,5,2,1,0,6,4,16,6,5,8,21,8,11,2,25,12,0,7,14,7,True
-56.1,114,24,21,69,8,3,3,0,5,6,18,7,3,2,19,14,11,5,40,24,5,8,37,24,False
-54.8,115,22,21,72,4,3,1,0,7,3,31,21,3,6,25,16,6,7,31,18,6,5,28,17,False
-53.5,115,22,21,72,4,5,1,0,5,2,22,15,2,6,22,14,14,2,41,25,1,11,30,18,True
-31.9,112,23,23,66,4,4,0,0,8,10,35,17,6,4,33,23,3,6,20,11,6,3,24,15,False
-65.8,91,22,22,47,2,2,0,0,1,9,20,10,6,1,18,11,4,9,30,17,11,3,23,9,False
-45.7,87,22,23,42,5,1,-1,0,6,4,24,14,5,7,25,13,5,8,22,9,6,4,16,6,False
-49.1,115,21,20,74,4,2,1,0,6,5,31,20,5,5,33,23,4,6,31,21,6,4,20,10,False
-50.7,113,21,19,73,3,4,2,0,6,2,40,32,4,5,24,15,3,6,23,14,8,6,26,12,False
-30.5,58,22,22,14,1,1,0,0,5,8,16,3,9,7,22,6,5,2,10,3,3,5,10,2,False
-20.2,57,21,21,15,1,1,0,0,7,6,16,3,8,9,22,5,4,3,13,6,2,3,6,1,False
-25.8,58,22,22,14,2,1,0,0,6,8,16,2,7,8,22,7,6,2,12,4,3,4,8,1,False
-30.2,58,21,22,15,0,2,-1,0,6,7,16,3,7,6,15,2,3,5,11,3,5,4,16,7,False
-24.8,61,24,22,15,3,1,2,0,6,4,16,6,6,7,19,6,11,2,15,2,1,9,11,1,False
-38.5,58,22,22,14,0,1,0,0,3,8,17,6,10,3,16,3,5,5,13,3,4,6,12,2,False
-21.3,60,22,22,16,1,2,0,0,8,4,16,4,3,7,15,5,7,3,11,1,4,8,18,6,False
-32.0,58,22,21,15,0,1,1,0,5,7,19,7,9,6,16,1,6,3,13,4,2,5,10,3,False
-29.9,68,22,22,24,1,2,0,0,8,7,24,9,6,7,22,9,4,5,11,2,4,3,11,4,False
-30.2,59,22,22,15,0,1,0,0,9,6,19,4,7,9,20,4,1,7,12,4,5,0,8,3,False
-29.9,59,22,22,15,0,1,0,0,9,6,20,5,7,9,19,3,1,7,10,2,5,0,10,5,False
-26.1,60,22,22,16,1,2,0,0,10,3,17,4,2,10,18,6,8,2,12,2,2,7,13,4,False
-20.1,59,22,22,15,5,1,0,0,7,6,16,3,4,5,13,4,6,7,18,5,5,4,12,3,False
-27.1,59,22,22,15,1,2,0,0,5,8,17,4,9,4,19,6,3,7,14,4,5,3,9,1,False
-29.7,53,18,21,14,3,1,-3,0,3,3,8,2,4,4,11,3,5,7,16,4,6,7,18,5,False
-17.1,54,21,21,12,2,1,0,0,6,4,13,3,8,7,22,7,5,5,12,2,2,5,7,0,False
-31.3,60,21,22,17,3,1,-1,0,5,7,16,4,4,3,11,4,4,7,14,3,8,5,19,6,False
-33.4,63,21,19,23,0,1,2,0,4,6,14,4,8,3,29,18,6,3,10,1,3,7,10,0,False
-27.4,60,21,23,16,2,1,-2,0,1,6,14,7,7,4,12,1,9,4,15,2,4,9,19,6,False
-42.4,88,21,21,46,4,1,0,0,6,6,30,18,7,7,29,15,6,2,19,11,2,6,10,2,False
-28.3,54,21,21,12,1,1,0,0,6,9,18,3,9,6,19,4,2,4,9,3,4,2,8,2,False
-42.8,65,21,21,23,3,1,0,0,5,6,16,5,6,5,19,8,8,2,15,5,2,8,15,5,False
-22.1,62,18,20,24,2,1,-2,0,6,6,17,5,6,7,21,8,4,3,10,3,2,4,14,8,False
-50.6,90,22,22,46,4,2,0,0,9,1,20,10,1,10,18,7,6,5,25,14,6,6,27,15,False
-24.5,62,22,22,18,3,2,0,0,5,4,11,2,3,8,17,6,8,5,20,7,6,5,14,3,False
-50.7,107,21,22,64,6,2,-1,0,6,7,33,20,9,5,32,18,5,3,22,14,1,7,20,12,False
-47.1,86,24,21,41,2,4,3,0,5,4,16,7,5,6,22,11,6,6,25,13,8,5,23,10,False
-60.1,95,22,21,52,1,1,1,0,5,8,28,15,9,6,36,21,6,2,18,10,2,5,13,6,False
-32.6,67,22,23,22,2,2,-1,0,2,6,15,7,7,3,13,3,8,7,24,9,5,7,15,3,False
-24.8,76,22,21,33,1,3,1,0,7,6,23,10,6,8,26,12,5,3,14,6,4,4,13,5,False
-62.0,86,23,21,42,2,2,2,0,7,5,21,9,5,3,16,8,4,7,26,15,7,6,23,10,False
-37.6,61,21,20,20,1,2,1,0,3,6,11,2,7,5,17,5,7,2,14,5,4,7,19,8,False
-19.8,71,22,21,28,2,3,1,0,6,5,15,4,6,7,20,7,7,2,19,10,3,7,17,7,True
-22.3,66,23,22,21,4,1,1,0,6,7,18,5,7,5,20,8,7,4,18,7,3,6,10,1,False
-49.8,70,21,22,27,1,1,-1,0,7,4,16,5,5,9,22,8,8,1,18,9,1,8,14,5,False
-32.6,60,21,22,17,1,1,-1,0,7,5,13,1,4,7,18,7,3,5,12,4,7,5,17,5,False
-47.3,85,21,22,42,2,2,-1,0,6,5,24,13,5,8,29,16,8,1,18,9,2,8,14,4,False
-26.8,54,22,21,11,3,1,1,0,7,3,14,4,1,5,9,3,11,4,17,2,3,9,14,2,True
-37.9,67,23,22,22,3,2,1,0,6,2,11,3,2,6,11,3,11,2,22,9,4,12,23,7,False
-56.9,77,22,22,33,1,1,0,0,9,4,20,7,4,7,20,9,6,5,21,10,3,6,16,7,False
-26.1,64,23,21,20,6,1,2,0,4,4,11,3,8,7,17,2,6,4,17,7,5,6,19,8,True
-20.7,57,21,20,16,3,2,1,0,5,3,12,4,5,6,14,3,9,1,14,4,2,10,17,5,True
-47.4,77,21,22,34,4,1,-1,0,5,3,18,10,4,5,16,7,7,7,22,8,5,7,21,9,False
-30.4,80,20,22,38,2,4,-2,0,4,3,16,9,3,7,16,6,11,2,25,12,2,10,23,11,True
-42.0,85,24,23,38,3,3,1,0,6,3,12,3,3,5,12,4,10,2,34,22,5,13,27,9,True
-38.3,98,23,22,53,5,3,1,0,2,5,20,13,4,3,17,10,8,8,37,21,9,6,24,9,False
-53.7,78,20,22,36,6,1,-2,0,5,2,9,2,1,3,10,6,5,13,37,19,9,4,22,9,False
-29.8,77,21,22,34,2,3,-1,0,7,3,17,7,5,9,24,10,5,5,20,10,4,5,16,7,False
-36.5,61,21,20,20,2,2,1,0,2,1,5,2,4,5,13,4,11,4,24,9,4,10,19,5,True
-28.2,65,23,20,22,7,0,3,0,2,2,7,3,2,4,11,5,13,3,24,8,6,11,23,6,True
-41.4,65,22,21,22,4,1,1,0,2,2,6,2,2,5,10,3,13,2,22,7,5,12,27,10,True
-25.9,67,23,22,22,2,2,1,0,7,4,15,4,4,4,11,3,11,2,19,6,1,12,22,9,True
-27.7,72,22,21,29,3,3,1,0,5,3,15,7,5,6,14,3,11,1,19,7,1,11,24,12,True
-26.4,60,20,23,17,3,2,-3,0,2,3,8,3,3,6,12,3,11,2,20,7,4,12,20,4,True
-19.6,61,22,20,19,4,2,2,0,9,3,13,1,4,8,19,7,6,5,16,5,3,4,13,6,True
-26.0,68,23,23,22,3,1,0,0,7,2,16,7,4,8,16,4,12,1,18,5,0,12,18,6,True
-28.9,73,25,22,26,5,1,3,0,8,2,17,7,2,5,10,3,10,6,25,9,5,9,21,7,True
-20.4,59,21,21,17,3,2,0,0,2,4,7,1,6,5,16,5,10,2,18,6,3,10,18,5,True
-36.8,70,21,22,27,4,1,-1,0,1,3,5,1,5,6,23,12,11,3,23,9,4,10,19,5,True
-24.0,64,23,24,17,1,2,-1,0,7,3,16,6,1,8,13,4,12,3,19,4,3,10,16,3,True
-22.5,75,22,21,32,2,2,1,0,12,2,24,10,2,10,22,10,7,3,15,5,1,6,14,7,True
-47.3,113,22,22,69,3,3,0,0,7,4,31,20,4,7,28,17,11,2,32,19,0,9,22,13,True
-27.6,63,22,22,19,1,3,0,0,1,2,7,4,5,6,15,4,13,3,20,4,3,11,21,7,True
-27.5,62,22,20,20,4,1,2,0,3,2,10,5,5,6,12,1,10,5,24,9,4,7,16,5,True
-39.1,71,22,23,26,2,2,-1,0,4,3,13,6,1,5,9,3,12,3,29,14,5,12,20,3,True
-34.5,66,19,23,24,2,2,-4,0,4,2,10,4,4,7,18,7,8,6,19,5,3,8,19,8,True
-33.8,63,22,22,19,3,1,0,0,4,3,9,2,2,3,11,6,12,5,22,5,4,11,21,6,True
-21.8,61,24,21,16,0,2,3,0,9,2,12,1,2,6,17,9,11,3,17,3,2,10,15,3,True
-22.8,71,22,21,28,4,2,1,0,4,2,12,6,6,7,20,7,11,3,22,8,1,9,17,7,True
-30.8,69,22,21,26,2,3,1,0,1,1,4,2,4,4,17,9,13,4,22,5,4,12,26,10,True
-31.2,75,24,21,30,3,2,3,0,5,4,14,5,4,4,12,4,10,3,23,10,5,10,26,11,True
-25.6,63,23,21,19,4,1,2,0,1,3,7,3,8,6,17,3,13,3,19,3,1,9,20,10,True
-35.4,71,22,21,28,3,2,1,0,2,3,10,5,2,4,12,6,15,2,23,6,3,12,26,11,True
-83.2,164,22,22,120,5,6,0,0,6,1,29,22,1,7,26,18,9,6,52,37,6,8,57,43,True
-28.4,66,22,22,22,4,2,0,0,4,2,6,0,4,7,18,7,11,3,24,10,3,10,18,5,True
-19.1,66,22,22,22,1,3,0,0,7,2,12,3,5,12,28,11,6,4,15,5,4,4,11,3,True
-32.4,63,23,20,20,3,1,3,0,2,1,6,3,4,5,14,5,15,2,22,5,2,12,21,7,True
-29.3,69,22,22,25,3,2,0,0,6,5,17,6,3,5,14,6,11,3,19,5,2,9,19,8,True
-26.5,63,23,20,20,4,1,3,0,7,3,13,3,5,7,17,5,11,2,21,8,0,8,12,4,True
-18.4,65,22,22,21,3,3,0,0,3,2,7,2,7,7,27,13,10,3,16,3,2,10,15,3,True
-34.6,68,23,21,24,2,2,2,0,8,3,13,2,2,5,12,5,11,2,20,7,2,11,23,10,True
-22.4,72,21,22,29,6,2,-1,0,5,2,10,3,4,7,18,7,8,2,18,8,4,11,26,11,True
-47.8,86,23,23,40,5,2,0,0,3,1,12,8,4,8,16,4,10,6,28,12,6,8,30,16,True
-38.1,65,19,21,25,2,2,-2,0,2,1,10,7,3,3,11,5,12,4,19,3,2,13,25,10,True
-16.5,61,22,21,18,0,3,1,0,3,2,8,3,6,9,20,5,8,4,19,7,5,6,14,3,True
-49.7,87,25,21,41,5,3,4,0,3,2,7,2,4,3,13,6,15,6,43,22,3,10,24,11,True
-22.0,72,24,22,26,4,2,2,0,5,3,12,4,6,7,21,8,10,2,17,5,3,10,22,9,True
-19.0,66,23,22,21,5,1,1,0,8,2,16,6,2,7,12,3,8,4,15,3,5,9,23,9,True
-23.0,72,23,24,25,2,3,-1,0,7,6,17,4,1,5,10,4,8,4,20,8,7,9,25,9,True
-27.0,60,24,21,15,5,1,3,0,7,2,10,1,4,6,14,4,8,7,18,3,5,6,18,7,False
-22.7,60,22,21,17,4,2,1,0,3,5,13,5,2,3,8,3,11,3,19,5,6,10,20,4,True
-22.4,64,22,23,19,6,0,-1,0,3,3,10,4,5,7,14,2,12,4,22,6,2,9,18,7,True
-20.5,74,23,22,29,3,2,1,0,7,4,17,6,4,7,21,10,8,3,20,9,4,8,16,4,True
-25.5,70,25,21,24,3,1,4,0,5,2,10,3,5,7,17,5,10,4,19,5,5,8,24,11,True
-34.3,69,25,21,23,2,3,4,0,3,2,12,7,3,4,8,1,16,5,28,7,3,10,21,8,True
-24.6,59,19,23,17,3,2,-4,0,1,5,7,1,6,4,10,0,10,2,19,7,2,12,23,9,True
-31.0,66,23,20,23,3,2,3,0,5,2,13,6,3,4,10,3,12,3,23,8,3,11,20,6,True
-37.6,73,22,21,30,1,3,1,0,6,4,17,7,2,5,13,6,12,3,26,11,2,9,17,6,True
-30.7,64,21,21,22,3,1,0,0,1,3,9,5,5,6,16,5,12,2,20,6,3,10,19,6,True
-27.8,68,23,21,24,4,1,2,0,7,1,15,7,3,11,18,4,11,2,19,6,2,7,16,7,True
-20.8,64,21,22,21,3,2,-1,0,3,2,9,4,2,7,15,6,11,4,17,2,5,9,23,9,True
-30.3,69,25,23,21,2,3,2,0,4,3,10,3,6,7,17,4,14,3,26,9,1,10,16,5,True
-23.6,64,22,22,20,3,1,0,0,6,1,11,4,4,9,15,2,8,5,17,4,4,7,21,10,True
-25.9,67,20,22,25,1,3,-2,0,1,4,10,5,4,4,12,4,12,2,21,7,3,12,24,9,True
-32.7,81,22,21,38,7,1,1,0,3,4,14,7,5,3,13,5,13,2,26,11,1,12,28,15,True
-67.3,113,21,23,69,7,2,-2,0,1,2,12,9,2,8,18,8,14,4,47,29,4,9,36,23,True
-30.9,61,22,22,17,3,1,0,0,2,2,5,1,4,6,11,1,12,4,22,6,4,10,23,9,True
-29.7,66,21,22,23,3,2,-1,0,7,2,14,5,3,6,16,7,10,3,22,9,1,11,14,2,True
-56.1,98,24,21,53,6,2,3,0,1,1,6,4,2,4,13,7,14,6,40,20,7,10,39,22,True
-31.1,63,23,21,19,2,3,2,0,2,3,7,2,8,3,13,2,12,4,24,8,1,11,19,7,True
-29.2,67,22,21,24,3,2,1,0,2,1,10,7,2,6,12,4,11,6,23,6,7,8,22,7,True
-30.3,67,21,22,24,3,2,-1,0,4,3,13,6,4,5,13,4,10,2,19,7,3,12,22,7,True
-31.4,63,22,20,21,1,3,2,0,1,3,10,6,8,2,13,3,12,3,18,3,1,12,22,9,True
-38.9,68,20,20,28,1,3,0,0,3,2,11,6,2,6,10,2,12,1,24,11,3,11,23,9,True
-25.7,68,24,21,23,2,2,3,0,5,2,10,3,4,6,18,8,13,2,19,4,2,11,21,8,True
-32.3,62,23,21,18,1,2,2,0,2,3,8,3,7,3,14,4,12,4,18,2,2,11,22,9,True
-30.9,72,25,22,25,1,3,3,0,9,3,15,3,1,5,10,4,13,2,23,8,2,12,24,10,True
-28.9,67,23,21,23,2,2,2,0,3,3,9,3,3,4,14,7,13,2,18,3,4,12,26,10,True
-36.3,69,20,23,26,3,1,-3,0,2,3,9,4,3,5,14,6,13,6,26,7,2,9,20,9,True
-45.2,82,21,21,40,4,2,0,0,4,2,9,3,3,4,15,8,11,3,30,16,3,12,28,13,True
-25.2,79,23,20,36,2,5,3,0,8,3,18,7,3,3,14,8,9,3,22,10,3,11,25,11,True
-28.5,65,20,22,23,2,3,-2,0,3,5,12,4,4,5,12,3,10,2,20,8,3,10,21,8,True
-33.0,65,22,22,21,4,1,0,0,0,2,6,4,4,6,14,4,15,2,24,7,3,12,21,6,True
-31.6,68,21,22,25,3,2,-1,0,4,4,12,4,4,3,10,3,10,3,25,12,3,12,21,6,True
-31.9,62,22,23,17,2,1,-1,0,2,1,5,2,6,5,14,3,12,4,23,7,2,13,20,5,True
-22.8,64,24,22,18,2,3,2,0,5,5,12,2,3,6,16,7,11,5,20,4,5,6,16,5,True
-27.5,92,22,23,47,6,3,-1,0,6,3,23,14,3,6,17,8,11,5,33,17,2,9,19,8,True
-25.3,59,22,21,16,1,2,1,0,5,3,8,0,2,5,10,3,11,6,26,9,4,7,15,4,True
-38.0,116,22,21,73,7,3,1,0,10,1,20,9,2,9,32,21,8,1,25,16,2,10,39,27,True
-30.2,70,23,23,24,3,2,0,0,6,1,13,6,3,7,16,6,10,3,18,5,4,12,23,7,True
-25.2,58,22,21,15,3,1,1,0,5,2,10,3,5,6,14,3,6,6,17,5,6,7,17,4,True
-30.3,64,25,21,18,3,2,4,0,6,2,11,3,3,4,12,5,14,3,22,5,2,12,19,5,True
-26.4,56,23,21,12,1,2,2,0,2,3,8,3,7,4,13,2,10,3,18,5,4,11,17,2,True
-24.6,61,23,21,17,3,1,2,0,4,3,12,5,5,6,15,4,10,4,15,1,4,8,19,7,True
-32.5,66,21,18,27,6,1,3,0,1,4,12,7,3,3,9,3,11,5,24,8,6,6,21,9,True
-19.9,66,24,19,23,4,2,5,0,5,3,13,5,6,6,17,5,9,3,17,5,4,7,19,8,True
-22.8,65,22,22,21,4,1,0,0,6,3,14,5,6,9,23,8,7,3,16,6,3,7,12,2,True
-30.7,61,22,21,18,4,1,1,0,4,4,9,1,3,3,9,3,12,3,27,12,3,11,16,2,True
-24.4,62,19,22,21,3,3,-3,0,3,3,9,3,3,6,15,6,9,4,15,2,4,9,23,10,True
-43.9,74,23,21,30,5,1,2,0,1,3,4,0,4,4,14,6,14,4,29,11,4,10,27,13,True
-34.8,61,20,24,17,3,0,-4,0,4,4,9,1,4,7,14,3,8,5,19,6,4,8,19,7,True
-22.3,61,21,21,19,2,3,0,0,2,2,9,5,7,6,17,4,10,3,20,7,2,10,15,3,True
-30.8,63,22,21,20,4,1,1,0,4,2,8,2,3,6,16,7,13,4,23,6,2,9,16,5,True
-43.6,66,22,22,22,4,1,0,0,4,2,9,3,5,4,10,1,11,5,28,12,2,11,19,6,True
-31.9,98,23,22,53,1,5,1,0,8,1,17,8,4,9,30,17,8,2,24,14,3,10,27,14,True
-22.7,59,22,21,16,3,2,1,0,3,2,6,1,5,7,18,6,10,3,18,5,4,9,17,4,True
-15.5,60,22,20,18,1,2,2,0,8,2,12,2,2,8,16,6,8,3,13,2,4,7,19,8,True
-26.9,67,20,20,27,2,1,0,0,4,1,8,3,3,5,14,6,10,5,21,6,3,9,24,12,True
-18.1,70,22,23,25,2,2,-1,0,7,1,10,2,2,11,22,9,8,3,16,5,5,8,22,9,True
-29.2,81,24,21,36,1,3,3,0,6,6,19,7,5,5,20,10,12,2,25,11,1,8,17,8,True
-28.4,72,23,20,29,3,2,3,0,9,2,17,6,4,9,17,4,9,1,24,14,1,8,14,5,True
-19.1,61,22,21,18,3,1,1,0,8,2,17,7,3,9,16,4,11,1,14,2,0,9,14,5,True
-30.0,81,21,20,40,3,3,1,0,3,4,16,9,6,6,20,8,11,1,26,14,1,9,19,9,True
-18.8,64,22,23,19,3,2,-1,0,7,6,16,3,3,7,18,8,11,3,20,6,1,7,10,2,True
-30.5,79,23,21,35,3,3,2,0,6,1,14,7,3,9,18,6,12,2,20,6,2,9,27,16,True
-25.1,63,22,21,20,4,2,1,0,3,2,9,4,2,2,5,1,9,5,22,8,8,12,27,7,True
-27.2,64,21,23,20,3,2,-2,0,6,3,12,3,2,7,11,2,8,5,21,8,5,8,20,7,True
-24.5,56,22,20,14,3,1,2,0,7,3,13,3,3,7,11,1,6,5,18,7,6,5,14,3,True
-75.8,113,22,22,69,1,2,0,0,7,3,24,14,4,10,33,19,6,4,32,22,5,5,24,14,True
-29.1,71,24,22,25,4,1,2,0,7,2,14,5,2,5,11,4,6,10,22,6,9,5,24,10,False
-19.7,72,22,21,29,2,3,1,0,6,4,17,7,6,5,22,11,7,3,16,6,3,9,17,5,True
-30.2,65,22,22,21,1,3,0,0,3,1,6,2,5,7,16,4,10,7,22,5,4,7,21,10,True
-21.0,61,19,21,21,2,3,-2,0,5,1,12,6,0,5,8,3,9,3,15,3,5,12,26,9,True
-25.3,60,22,21,17,5,1,1,0,3,2,10,5,5,7,12,0,13,3,22,6,1,9,16,6,True
-25.6,69,23,22,24,1,2,1,0,7,1,13,5,3,9,15,3,10,5,25,10,3,7,16,6,True
-36.5,70,23,19,28,2,1,4,0,2,1,6,3,5,5,17,7,13,6,24,5,3,7,23,13,True
-34.4,69,23,22,24,5,2,1,0,5,4,13,4,5,4,12,3,13,4,25,8,0,10,19,9,True
-34.1,61,22,20,19,1,2,2,0,2,3,10,5,2,1,3,0,12,6,29,11,6,10,19,3,True
-31.7,67,23,21,23,2,1,2,0,5,2,12,5,3,6,15,6,11,4,19,4,4,9,21,8,True
-28.8,66,21,17,28,2,2,4,0,3,1,6,2,5,7,20,8,8,3,20,9,5,6,20,9,True
-25.5,74,24,22,28,2,3,2,0,6,4,18,8,5,6,16,5,9,6,27,12,4,6,13,3,True
-19.6,69,24,21,24,3,2,3,0,7,2,17,8,6,8,21,7,7,5,15,3,4,6,16,6,True
-27.1,67,25,22,20,3,2,3,0,3,7,14,4,8,3,13,2,11,3,23,9,3,9,17,5,True
-24.9,67,24,22,21,4,2,2,0,6,4,15,5,4,7,14,3,12,4,25,9,2,7,13,4,True
-27.4,93,22,21,50,3,4,1,0,3,4,12,5,6,5,28,17,10,4,25,11,3,8,28,17,True
-41.3,67,22,22,23,2,2,0,0,4,3,10,3,2,3,8,3,13,3,24,8,3,13,25,9,True
-30.2,68,23,23,22,3,2,0,0,8,3,12,1,2,6,14,6,9,5,24,10,4,9,18,5,False
-28.6,62,23,21,18,4,1,2,0,4,3,9,2,4,5,14,5,14,2,19,3,1,11,20,8,True
-37.0,64,22,18,24,5,1,4,0,3,2,10,5,4,4,10,2,11,3,20,6,4,9,24,11,True
-29.4,70,22,24,24,4,2,-2,0,4,2,13,7,5,6,17,6,9,3,19,7,4,13,21,4,False
-24.8,70,24,21,25,2,3,3,0,8,3,18,7,5,7,19,7,7,4,21,10,4,7,12,1,True
-22.5,65,23,21,21,3,2,2,0,6,3,15,6,4,5,15,6,10,1,15,4,3,12,20,5,True
-19.1,69,23,22,24,3,2,1,0,7,3,17,7,7,9,22,6,7,3,18,8,2,7,12,3,True
-20.4,67,23,21,23,8,1,2,0,7,3,14,4,5,7,15,3,11,1,20,8,0,10,18,8,True
-18.5,58,22,21,15,3,2,1,0,8,1,12,3,2,10,13,1,6,5,16,5,6,5,17,6,True
-39.1,62,22,21,19,2,1,1,0,2,2,7,3,3,2,10,5,12,7,24,5,5,10,21,6,True
-24.2,60,19,22,19,2,1,-3,0,3,3,11,5,4,7,18,7,12,2,16,2,0,10,15,5,True
-26.6,56,22,22,12,4,0,0,0,2,4,7,1,6,3,13,4,11,5,20,4,3,10,16,3,True
-27.7,62,20,21,21,2,2,-1,0,5,1,10,4,3,4,9,2,7,5,21,9,5,11,22,6,True
-21.2,63,22,23,18,4,0,-1,0,9,1,14,4,2,12,16,2,8,2,16,6,3,8,17,6,True
-16.5,71,23,23,25,2,2,0,0,7,3,17,7,3,9,22,10,8,5,18,5,5,6,14,3,True
-29.9,72,21,22,29,5,2,-1,0,7,2,14,5,1,8,17,8,9,3,21,9,4,9,20,7,True
-29.5,73,22,24,27,3,1,-2,0,8,2,13,3,2,11,21,8,8,5,26,13,4,6,13,3,True
-29.4,64,22,21,21,3,1,1,0,5,1,9,3,2,5,14,7,11,4,20,5,4,11,21,6,True
-17.3,66,23,21,22,5,1,2,0,10,1,21,10,2,9,17,6,9,3,15,3,2,8,13,3,True
-34.2,66,22,21,23,2,2,1,0,6,2,12,4,1,5,8,2,13,4,24,7,2,10,22,10,True
-27.2,62,22,21,19,4,2,1,0,5,1,10,4,3,5,11,3,11,2,20,7,3,13,21,5,True
-34.0,76,22,22,32,2,2,0,0,6,2,12,4,4,9,22,9,11,1,21,9,1,10,21,10,True
-21.4,66,22,24,20,3,2,-2,0,8,1,13,4,3,8,16,5,7,5,17,5,4,10,20,6,True
-25.3,78,22,22,34,2,3,0,0,4,3,14,7,6,8,23,9,12,1,22,9,0,10,19,9,True
-23.7,78,22,23,33,4,1,-1,0,6,2,19,11,5,7,16,4,10,1,23,12,1,13,20,6,True
-31.5,66,25,21,20,4,1,4,0,7,1,12,4,1,8,11,2,10,3,22,9,7,9,21,5,True
-24.9,61,21,21,19,3,1,0,0,4,0,6,2,3,8,15,4,9,2,18,7,5,11,22,6,True
-31.7,65,23,21,21,4,1,2,0,7,2,15,6,2,7,11,2,12,1,22,9,2,11,17,4,True
-21.7,67,20,21,26,2,1,-1,0,7,3,13,3,3,9,22,10,7,4,19,8,3,5,13,5,True
-24.8,59,23,20,16,3,1,3,0,3,2,7,2,5,6,15,4,11,3,18,4,4,9,19,6,True
-28.4,61,21,20,20,1,2,1,0,5,4,11,2,3,3,10,4,11,3,25,11,2,10,15,3,True
-47.8,93,19,21,53,4,2,-2,0,5,1,18,12,2,8,20,10,12,0,28,16,0,12,27,15,True
-37.6,69,21,22,26,1,3,-1,0,4,2,9,3,3,5,13,5,11,4,23,8,3,11,24,10,True
-25.7,57,24,21,12,4,1,3,0,7,1,12,4,2,7,11,2,12,3,17,2,3,10,17,4,True
-26.7,78,21,22,35,3,3,-1,0,7,1,19,11,1,8,17,8,8,5,21,8,5,8,21,8,True
-27.5,65,20,23,22,3,1,-3,0,3,4,12,5,4,5,14,5,12,4,21,5,1,10,18,7,True
-27.4,80,22,27,31,6,2,-5,0,4,1,16,11,2,14,22,6,13,5,25,7,3,7,17,7,False
-60.8,87,21,20,46,6,2,1,0,1,3,7,3,3,2,7,2,13,3,34,18,4,12,39,23,True
-25.8,65,21,22,22,4,2,-1,0,3,3,9,3,3,5,14,6,10,3,18,5,5,11,24,8,True
-37.4,86,21,22,43,3,2,-1,0,4,2,14,8,3,7,21,11,14,2,27,11,0,11,24,13,True
-23.6,72,22,22,28,4,1,0,0,6,2,13,5,2,7,17,8,11,1,16,4,3,12,26,11,True
-27.7,65,22,23,20,2,2,-1,0,4,4,14,6,2,6,9,1,9,5,22,8,7,8,20,5,True
-22.3,59,21,23,15,4,1,-2,0,5,1,7,1,4,5,13,4,9,4,17,4,3,13,22,6,True
-31.7,61,21,21,19,2,2,0,0,1,4,6,1,7,3,13,3,10,2,17,5,3,12,25,10,True
-40.6,71,24,23,24,3,2,1,0,6,3,11,2,3,5,10,2,10,2,26,14,5,13,24,6,True
-37.9,67,23,22,22,3,2,1,0,6,2,11,3,2,6,11,3,11,2,22,9,4,12,23,7,False
-37.9,67,23,22,22,3,2,1,0,6,2,11,3,2,6,11,3,11,2,22,9,4,12,23,7,False
-37.9,67,23,22,22,3,2,1,0,6,2,11,3,2,6,11,3,11,2,22,9,4,12,23,7,False
-24.7,60,23,21,16,4,1,2,0,3,5,12,4,8,4,17,5,5,7,16,4,7,5,15,3,False
-25.2,54,22,20,12,2,1,2,0,4,3,10,3,6,4,12,2,2,8,12,2,10,5,20,5,False
-13.7,57,23,18,16,1,3,5,0,8,4,16,4,5,4,13,4,8,4,16,4,2,6,12,4,False
-20.6,73,23,20,30,3,3,3,0,4,6,19,9,8,4,17,5,7,9,28,12,4,1,9,4,False
-38.5,56,19,19,18,1,1,0,0,1,5,10,4,6,2,14,6,7,4,16,5,5,8,16,3,False
-24.8,60,23,23,14,5,0,0,0,5,4,11,2,8,5,16,3,5,8,20,7,5,6,13,2,False
-18.8,60,23,22,15,2,2,1,0,7,5,16,4,5,7,16,4,5,7,16,4,6,3,12,3,False
-32.1,71,24,21,26,5,1,3,0,3,6,12,3,6,4,20,10,6,6,19,7,9,5,20,6,False
-30.2,84,23,28,33,3,2,-5,0,8,5,20,7,5,9,20,6,7,7,27,13,3,7,17,7,False
-21.2,66,21,19,26,0,3,2,0,6,4,15,5,5,9,18,4,8,5,23,10,2,1,10,7,False
-29.8,52,21,21,10,3,1,0,0,1,4,7,2,5,4,10,1,9,7,19,3,6,6,16,4,False
-49.2,64,22,21,21,2,1,1,0,3,5,12,4,5,3,11,3,6,8,23,9,8,5,18,5,False
-26.0,69,18,19,32,3,3,-1,0,1,5,11,5,8,3,13,2,3,7,18,8,6,4,27,17,False
-33.2,79,22,22,35,3,3,0,0,5,4,16,7,3,7,20,10,8,4,23,11,6,7,20,7,False
-74.3,102,21,21,60,1,1,0,0,3,3,25,19,5,3,24,16,2,13,29,14,11,2,24,11,False
-76.8,116,21,22,73,3,3,-1,0,4,4,22,14,4,3,28,21,9,5,36,22,4,10,30,16,False
-28.3,81,22,22,37,4,2,0,0,6,9,23,8,6,6,25,13,7,3,21,11,3,4,12,5,False
-29.4,70,22,24,24,4,2,-2,0,4,2,13,7,5,6,17,6,9,3,19,7,4,13,21,4,False
-27.0,60,24,21,15,5,1,3,0,7,2,10,1,4,6,14,4,8,7,18,3,5,6,18,7,False
-27.0,60,24,21,15,5,1,3,0,7,2,10,1,4,6,14,4,8,7,18,3,5,6,18,7,False
-30.2,68,23,23,22,3,2,0,0,8,3,12,1,2,6,14,6,9,5,24,10,4,9,18,5,False
-30.2,68,23,23,22,3,2,0,0,8,3,12,1,2,6,14,6,9,5,24,10,4,9,18,5,False
-30.2,68,23,23,22,3,2,0,0,8,3,12,1,2,6,14,6,9,5,24,10,4,9,18,5,False
